,img_coding,num_stage,num_cell,start_cell_dim,parameter_num,train_time,test_time,total_time,mac
0,"['rp', 'rerp', 'gad', 'regad', 'trgad', 'remk', 'trmk']",3,2,50,1769776,42.404937744140625,0.02421402931213379,42.42915177345276,52.7 MMac
1,"['rp', 'rerp', 'trrp', 'gas', 'regad', 'trgad', 'mk', 'trmk']",3,2,29,645736,5.445766448974609,0.03227639198303223,5.478042840957642,20.59 MMac
2,"['regas', 'trgas', 'gad', 'remk', 'ctwav']",2,3,70,1120228,5.122947692871094,0.02739858627319336,5.150346279144287,89.57 MMac
3,"['rp', 'rerp', 'trrp', 'regas', 'trgad', 'ctwav']",2,2,63,672930,4.019641876220703,0.02192068099975586,4.041562557220459,54.74 MMac
4,"['gas', 'trgas', 'gad', 'regad', 'mk', 'remk', 'trmk']",4,1,22,863122,6.284141540527344,0.02831721305847168,6.312458753585815,9.81 MMac
5,"['trrp', 'trgas', 'regad', 'trmk']",2,3,43,447141,3.5397768020629883,0.026291370391845703,3.566068172454834,36.19 MMac
6,"['rp', 'rerp', 'regas', 'regad', 'mk', 'ctwav']",2,3,24,139208,3.6751508712768555,0.02724909782409668,3.702399969100952,12.13 MMac
7,"['trgas', 'trgad', 'mk', 'trmk']",2,3,86,1678914,9.52988862991333,0.02212834358215332,9.552016973495483,132.5 MMac
8,"['rp', 'rerp', 'gas', 'trmk']",3,1,58,1442911,6.430292129516602,0.016353845596313477,6.446645975112915,41.44 MMac
9,"['trrp', 'regas', 'trgas', 'gad', 'regad', 'trgad', 'mk', 'remk', 'ctwav']",2,2,16,49242,2.235293388366699,0.02266716957092285,2.257960557937622,5.09 MMac
10,"['rp', 'trrp', 'regas', 'gad', 'regad', 'trgad', 'mk', 'trmk']",3,1,25,299983,2.063584327697754,0.022019147872924805,2.0856034755706787,10.48 MMac
11,"['rp', 'gas', 'regas', 'regad', 'trgad', 'remk', 'trmk']",3,3,47,2266478,13.20880651473999,0.04064369201660156,13.249450206756592,66.86 MMac
12,"['rerp', 'trrp', 'trgas', 'gad', 'mk', 'ctwav']",2,2,90,1315666,5.778050422668457,0.022285938262939453,5.8003363609313965,105.01 MMac
13,"['rp', 'trgad', 'mk', 'remk', 'ctwav']",2,1,77,589662,2.8061389923095703,0.014779090881347656,2.820918083190918,47.16 MMac
14,"['rerp', 'trrp', 'gas', 'regas', 'trgas', 'gad', 'regad', 'trmk']",3,2,33,826490,7.950782775878906,0.031790733337402344,7.982573509216309,25.92 MMac
15,"['rerp', 'regas', 'trgas', 'regad', 'mk', 'remk', 'trmk']",3,2,13,144754,4.169356822967529,0.03005218505859375,4.199409008026123,5.18 MMac
16,"['rp', 'trrp', 'regad', 'remk', 'ctwav']",2,1,52,267477,1.6073107719421387,0.01467132568359375,1.6219820976257324,22.18 MMac
17,"['rerp', 'trrp', 'regas', 'trgas', 'trgad', 'remk', 'trmk']",2,1,75,568007,3.0919790267944336,0.01575446128845215,3.1077334880828857,46.82 MMac
18,"['rerp', 'trrp', 'gas', 'trgas', 'regad', 'trgad', 'mk', 'remk', 'ctwav']",4,3,17,1305941,20.472729206085205,0.057877540588378906,20.530606746673584,14.31 MMac
19,"['rerp', 'trgas', 'gad', 'regad', 'trgad', 'ctwav']",2,1,39,163072,1.4831304550170898,0.014902114868164062,1.498032569885254,14.27 MMac
20,"['rp', 'rerp', 'trrp', 'trgas', 'remk', 'trmk', 'ctwav']",4,3,13,792432,12.626028060913086,0.05010414123535156,12.676132202148438,8.73 MMac
21,"['gas', 'regas', 'gad', 'regad', 'trgad', 'mk']",3,2,54,2059048,11.533141136169434,0.03134584426879883,11.564486980438232,60.34 MMac
22,"['rp', 'rerp', 'gas', 'trgas', 'gad', 'mk', 'trmk', 'ctwav']",2,1,35,136901,1.3497591018676758,0.01618647575378418,1.36594557762146,12.76 MMac
23,"['trrp', 'gas', 'trgad', 'mk', 'remk', 'trmk', 'ctwav']",2,1,48,233750,1.1272668838500977,0.015233516693115234,1.142500400543213,20.36 MMac
24,"['rp', 'rerp', 'trrp', 'gas', 'regas', 'trgas', 'regad', 'mk', 'remk']",2,1,68,464289,1.538550853729248,0.01989912986755371,1.5584499835968018,39.87 MMac
25,"['gad', 'trgad', 'trmk', 'ctwav']",4,2,27,2261688,12.693428993225098,0.03890538215637207,12.73233437538147,22.4 MMac
26,"['gas', 'regad', 'remk', 'trmk', 'ctwav']",2,1,81,650405,2.8697967529296875,0.01485443115234375,2.8846511840820312,51.83 MMac
27,"['rp', 'rerp', 'trrp', 'regas', 'trgas', 'gad', 'trgad', 'mk']",3,2,40,1139542,5.57408332824707,0.03141379356384277,5.605497121810913,35.06 MMac
28,"['rp', 'rerp', 'gas', 'regas', 'trgas', 'trgad', 'remk']",3,1,19,179057,2.298104763031006,0.021036863327026367,2.3191416263580322,6.45 MMac
29,"['trrp', 'gas', 'regas', 'gad']",3,1,32,444218,2.0868420600891113,0.020348548889160156,2.1071906089782715,13.46 MMac
30,"['rp', 'rerp', 'trrp', 'gas', 'trgas', 'gad', 'regad', 'trgad', 'trmk', 'ctwav']",2,2,95,1513586,6.828832626342773,0.028202533721923828,6.857035160064697,123.73 MMac
31,"['rerp', 'regad', 'trgad', 'mk']",3,1,63,1754738,5.69157600402832,0.02066183090209961,5.71223783493042,50.07 MMac
32,"['rp', 'trrp', 'gas', 'regas', 'trgas', 'gad', 'remk', 'trmk', 'ctwav']",2,2,20,74192,2.1262288093566895,0.026618003845214844,2.1528468132019043,7.32 MMac
33,"['rerp', 'gas', 'regas', 'trgad', 'trmk', 'ctwav']",2,3,29,213968,2.64204740524292,0.02722024917602539,2.6692676544189453,18.24 MMac
34,"['rp', 'gas', 'trgas', 'regad']",2,3,93,2002788,8.655273914337158,0.026938438415527344,8.682212352752686,157.69 MMac
35,"['rerp', 'trrp', 'gas', 'regas', 'regad', 'mk', 'trmk', 'ctwav']",2,2,58,560310,4.206371307373047,0.02236151695251465,4.2287328243255615,46.9 MMac
36,"['rp', 'trgas', 'gad', 'trgad', 'remk']",3,1,15,114606,1.8800616264343262,0.02049541473388672,1.900557041168213,4.04 MMac
37,"['rp', 'trrp', 'gas', 'trgas', 'trgad', 'mk']",2,3,36,305147,2.846848964691162,0.026695728302001953,2.873544692993164,25.58 MMac
38,"['rerp', 'gas', 'gad', 'mk', 'remk']",3,2,45,1495622,10.981714725494385,0.031095027923583984,11.012809753417969,43.83 MMac
39,"['rerp', 'trrp']",3,2,23,409406,3.4629106521606445,0.02771902084350586,3.4906296730041504,11.93 MMac
40,"['rp', 'gas', 'regas', 'trgas', 'gad', 'regad', 'trgad', 'mk', 'remk', 'trmk', 'ctwav']",2,3,67,1078295,5.475592613220215,0.03542780876159668,5.5110204219818115,89.81 MMac
41,"['rp', 'trrp', 'regas', 'regad', 'remk', 'ctwav']",3,2,32,730322,7.429337501525879,0.029871463775634766,7.459208965301514,22.38 MMac
42,"['rerp', 'trrp', 'trgas', 'trgad', 'remk', 'trmk']",2,3,94,2012000,7.681596279144287,0.02749919891357422,7.709095478057861,160.05 MMac
43,"['rp', 'gas', 'regas', 'gad', 'regad', 'mk', 'ctwav']",3,2,53,2061694,11.118042469024658,0.0311279296875,11.149170398712158,61.02 MMac
44,"['rp', 'gad', 'trmk']",2,2,81,1083016,4.210638999938965,0.019756317138671875,4.230395317077637,84.74 MMac
45,"['rerp', 'regas', 'trgas', 'gad', 'regad', 'trgad', 'ctwav']",3,3,19,401727,4.143691062927246,0.03824305534362793,4.181934118270874,12.9 MMac
46,"['rp', 'trrp', 'gad', 'regad', 'trgad', 'mk', 'trmk']",2,3,48,537662,6.573009490966797,0.029488086700439453,6.602497577667236,44.57 MMac
47,"['rp', 'gas', 'regad', 'trgad', 'remk', 'trmk']",4,1,27,1391707,6.667578220367432,0.026554346084594727,6.694132566452026,14.79 MMac
48,"['rerp', 'trrp', 'regas', 'trgas', 'gad', 'mk', 'ctwav']",2,3,68,1064967,6.807708740234375,0.028131723403930664,6.835840463638306,86.39 MMac
49,"['rerp', 'trrp', 'gas', 'trgas', 'gad', 'regad', 'trmk']",4,1,14,352924,2.765035629272461,0.026903390884399414,2.7919390201568604,4.47 MMac
50,"['rerp', 'trgas', 'regad', 'mk', 'remk', 'trmk']",2,2,35,219260,2.523350715637207,0.020431041717529297,2.5437817573547363,18.72 MMac
51,"['rp', 'rerp', 'regad', 'mk', 'ctwav']",3,1,44,836299,4.110074043273926,0.020387887954711914,4.130461931228638,25.03 MMac
52,"['regas', 'trgas', 'trgad', 'mk', 'trmk']",2,2,66,711316,4.534626007080078,0.021239280700683594,4.555865287780762,57.21 MMac
53,"['rp', 'rerp', 'trrp', 'gas', 'gad', 'regad', 'remk', 'ctwav']",3,3,22,485480,5.149269104003906,0.03968954086303711,5.188958644866943,15.64 MMac
54,"['gas', 'trgas', 'regad', 'trgad', 'ctwav']",3,2,15,186202,3.683149814605713,0.02936100959777832,3.712510824203491,6.13 MMac
55,"['rp', 'rerp', 'trrp', 'regas', 'gad', 'mk', 'remk', 'trmk']",2,1,59,362087,1.281595230102539,0.018032073974609375,1.2996273040771484,31.13 MMac
56,"['trrp', 'trgas', 'gad', 'regad', 'trgad', 'mk', 'remk', 'ctwav']",3,1,36,567713,3.8468122482299805,0.021735668182373047,3.8685479164123535,18.58 MMac
57,"['rp', 'rerp', 'regas', 'gad', 'regad', 'trgad', 'remk', 'trmk']",2,1,28,85647,1.6030311584472656,0.015547513961791992,1.6185786724090576,8.39 MMac
58,"['trgas', 'gad', 'remk', 'ctwav']",2,1,93,845884,3.2990217208862305,0.013956069946289062,3.3129777908325195,65.96 MMac
59,"['trrp', 'regas', 'trgas', 'regad', 'trmk']",2,1,20,43357,1.4332890510559082,0.013880729675292969,1.4471697807312012,4.14 MMac
60,"['rp', 'trrp', 'gas', 'regas', 'trgas', 'trgad', 'mk']",2,1,16,30302,1.6076326370239258,0.015519380569458008,1.6231520175933838,3.28 MMac
61,"['rerp', 'gas', 'regas', 'gad', 'mk', 'remk']",2,1,25,72093,1.6372323036193848,0.015245676040649414,1.6524779796600342,6.78 MMac
62,"['rp', 'gas', 'trgas', 'gad', 'regad', 'trgad', 'mk', 'remk', 'trmk', 'ctwav']",2,1,87,768836,3.0133485794067383,0.022822856903076172,3.0361714363098145,64.76 MMac
63,"['rp', 'trgas', 'mk', 'trmk', 'ctwav']",3,2,21,347810,3.025352954864502,0.030988454818725586,3.0563414096832275,10.93 MMac
64,"['rerp', 'trrp', 'gas', 'regas', 'gad', 'regad', 'trgad', 'remk']",2,1,63,410034,1.2601256370544434,0.01621532440185547,1.2763409614562988,34.96 MMac
65,"['rp', 'trrp', 'gas', 'trgas', 'gad', 'remk', 'trmk', 'ctwav']",3,1,42,768843,4.280567169189453,0.022825956344604492,4.303393125534058,24.52 MMac
66,"['rerp', 'gas', 'trgad', 'trmk', 'ctwav']",3,1,51,1164321,3.875255584716797,0.020312070846557617,3.8955676555633545,34.28 MMac
67,"['rp', 'gas', 'regas', 'trgas', 'regad']",2,2,71,844526,3.9327144622802734,0.02100348472595215,3.9537179470062256,67.58 MMac
68,"['rerp', 'trrp', 'gad', 'trgad', 'mk', 'remk', 'trmk', 'ctwav']",3,3,29,894578,8.374643325805664,0.04181098937988281,8.416454315185547,27.74 MMac
69,"['rp', 'rerp', 'trrp', 'trgas', 'gad', 'trgad', 'mk']",4,1,17,579975,5.49623966217041,0.026911020278930664,5.523150682449341,6.89 MMac
70,"['rp', 'rerp', 'gas', 'trgas', 'trgad', 'remk']",2,2,38,243296,2.6844382286071777,0.021732568740844727,2.7061707973480225,20.67 MMac
71,"['trrp', 'gas', 'gad']",2,3,52,618659,6.250548362731934,0.025063037872314453,6.275611400604248,49.23 MMac
72,"['mk', 'remk']",4,1,31,1808634,10.008645057678223,0.025535106658935547,10.034180164337158,17.33 MMac
73,"['rp', 'rerp', 'trrp', 'gas', 'regas', 'trgas', 'gad', 'regad', 'trgad', 'trmk', 'ctwav']",2,3,75,1340737,8.667576313018799,0.035190582275390625,8.70276689529419,110.77 MMac
74,"['rp', 'rerp', 'trrp', 'regas', 'trgas', 'remk', 'trmk', 'ctwav']",3,1,33,507341,3.7109375,0.02175617218017578,3.732693672180176,16.78 MMac
75,"['gas', 'gad', 'regad', 'trgad', 'mk']",2,2,77,988534,3.783416748046875,0.020478248596191406,3.8038949966430664,78.82 MMac
76,"['rp', 'rerp', 'gas', 'regas', 'trgas', 'gad', 'mk', 'trmk', 'ctwav']",2,3,12,39257,2.7907967567443848,0.032971858978271484,2.8237686157226562,4.05 MMac
77,"['trrp', 'gas', 'regas', 'trgad', 'mk', 'remk', 'trmk', 'ctwav']",3,2,26,487254,2.9263854026794434,0.03046417236328125,2.9568495750427246,15.87 MMac
78,"['rp', 'rerp', 'trrp', 'gas', 'trgas', 'regad', 'mk', 'remk']",2,3,91,1937729,12.107706069946289,0.028872013092041016,12.13657808303833,155.8 MMac
79,"['regas', 'gad', 'trgad', 'trmk', 'ctwav']",3,2,47,1627658,10.134637355804443,0.02957010269165039,10.164207458496094,47.56 MMac
80,"['gas', 'regad', 'trgad', 'mk', 'remk', 'trmk', 'ctwav']",2,3,93,2016606,9.861230850219727,0.02836894989013672,9.889599800109863,161.23 MMac
81,"['rp', 'rerp', 'trrp', 'regas', 'trgas', 'gad']",3,2,49,1767326,9.641039371490479,0.030658245086669922,9.671697616577148,52.07 MMac
82,"['rp', 'rerp', 'gas', 'regas', 'trgas', 'mk', 'remk']",3,2,27,562452,7.551836967468262,0.030257225036621094,7.582094192504883,17.81 MMac
83,"['trrp', 'gas', 'regas', 'gad', 'trgad', 'mk']",3,3,21,483324,5.233442783355713,0.03864431381225586,5.272087097167969,15.09 MMac
84,"['rp', 'rerp', 'trrp', 'gas', 'trgas', 'gad', 'regad', 'mk', 'trmk', 'ctwav']",2,2,86,1219696,6.513369083404541,0.027379274368286133,6.540748357772827,100.54 MMac
85,"['rp', 'rerp', 'trrp', 'trgas', 'trgad', 'mk', 'remk', 'trmk', 'ctwav']",4,1,22,865278,5.031752586364746,0.03214621543884277,5.063898801803589,10.36 MMac
86,"['gas', 'regas', 'gad', 'regad']",2,2,66,708082,4.096698760986328,0.020145654678344727,4.116844415664673,56.38 MMac
87,"['rp', 'rerp', 'gas', 'trgas', 'gad', 'trgad', 'trmk', 'ctwav']",2,3,43,455765,2.746272087097168,0.0277097225189209,2.773981809616089,38.39 MMac
88,"['trrp', 'gas', 'remk', 'trmk', 'ctwav']",2,3,37,336956,3.352057933807373,0.0262908935546875,3.3783488273620605,27.83 MMac
89,"['gad', 'mk', 'trmk', 'ctwav']",4,2,15,743658,10.042500495910645,0.03800392150878906,10.080504417419434,7.78 MMac
90,"['rerp', 'trrp', 'gas', 'regas', 'regad', 'trgad', 'trmk', 'ctwav']",2,2,68,764628,4.897665977478027,0.022320270538330078,4.919986248016357,63.13 MMac
91,"['rp', 'trgas', 'gad', 'mk', 'remk']",3,3,26,670703,10.506892204284668,0.03774070739746094,10.544632911682129,20.29 MMac
92,"['rp', 'trrp', 'gas', 'trgas']",3,1,48,991190,3.706526756286621,0.019701242446899414,3.7262279987335205,28.87 MMac
93,"['rerp', 'gas', 'gad', 'trgad', 'remk']",3,2,35,920072,7.161474227905273,0.028977155685424805,7.190451383590698,27.46 MMac
94,"['rerp', 'trrp', 'trgad', 'mk']",3,3,14,197670,5.056881904602051,0.036635398864746094,5.093517303466797,6.26 MMac
95,"['rp', 'gas', 'regas', 'trgas', 'gad', 'regad', 'remk', 'trmk', 'ctwav']",2,1,55,319860,1.4953970909118652,0.02033543586730957,1.5157325267791748,28.23 MMac
96,"['rerp', 'trrp', 'gas', 'gad', 'regad', 'mk', 'remk']",2,1,94,859702,2.6143789291381836,0.015786409378051758,2.6301653385162354,69.5 MMac
97,"['rp', 'trrp', 'gas', 'regas', 'trgas', 'gad', 'trgad', 'mk', 'remk', 'trmk', 'ctwav']",2,2,32,182514,2.1912336349487305,0.02827143669128418,2.2195050716400146,17.11 MMac
98,"['rerp', 'gas', 'regas', 'mk', 'trmk', 'ctwav']",2,1,19,44337,1.20621919631958,0.014605283737182617,1.2208244800567627,4.39 MMac
99,"['rp', 'gas', 'gad']",4,3,24,2305016,16.017472743988037,0.05053544044494629,16.068008184432983,22.52 MMac
100,"['rp', 'rerp', 'regas', 'trgas', 'gad', 'trgad', 'remk', 'trmk']",2,3,70,1130518,5.538415908813477,0.028610706329345703,5.567026615142822,92.21 MMac
101,"['rp', 'rerp', 'trrp', 'regas', 'trgas', 'gad', 'remk']",3,2,37,1027654,6.151223182678223,0.030931472778320312,6.182154655456543,31.39 MMac
102,"['rp', 'rerp', 'trrp', 'regas', 'trgad', 'remk']",3,2,45,1497876,8.551204204559326,0.030916213989257812,8.582120418548584,44.41 MMac
103,"['gas', 'regas', 'gad', 'trgad', 'mk', 'remk', 'trmk', 'ctwav']",2,2,86,1211268,6.325578689575195,0.022599220275878906,6.348177909851074,98.38 MMac
104,"['rp', 'trrp', 'trgad', 'mk', 'remk', 'trmk']",2,2,85,1202840,6.216609477996826,0.021587610244750977,6.238197088241577,96.23 MMac
105,"['gas', 'trgad', 'mk']",3,1,55,1343148,5.747544765472412,0.019844770431518555,5.767389535903931,38.05 MMac
106,"['rp', 'trrp', 'regas', 'trgas', 'gad', 'trgad', 'remk', 'ctwav']",4,2,23,1668926,11.24807596206665,0.03949403762817383,11.287569999694824,17.89 MMac
107,"['regas', 'regad', 'trmk', 'ctwav']",3,1,21,212296,1.8249034881591797,0.019322633743286133,1.8442261219024658,6.77 MMac
108,"['rp', 'rerp', 'gas', 'regas', 'mk', 'ctwav']",2,3,40,374732,2.5995969772338867,0.026233434677124023,2.6258304119110107,31.16 MMac
109,"['rp', 'rerp', 'trrp', 'trgas', 'trgad', 'trmk']",3,1,33,504009,3.7935495376586914,0.02041935920715332,3.8139688968658447,15.93 MMac
110,"['rp', 'rerp', 'trrp', 'trgas', 'trgad']",3,1,33,502343,3.006768226623535,0.020298004150390625,3.027066230773926,15.5 MMac
111,"['rp', 'rerp', 'trrp', 'trgas', 'remk']",3,1,33,502343,3.8941383361816406,0.020338773727416992,3.9144771099090576,15.5 MMac
112,"['rp', 'rerp', 'trrp', 'trgas', 'trmk']",3,1,33,502343,3.856968879699707,0.02010488510131836,3.8770737648010254,15.5 MMac
113,"['rerp', 'regas', 'regad', 'trmk', 'ctwav']",2,2,57,551784,3.2362937927246094,0.020470857620239258,3.2567646503448486,44.72 MMac
114,"['rp', 'rerp', 'trrp', 'gas', 'regas', 'regad', 'mk', 'trmk', 'ctwav']",2,2,58,563152,4.285597801208496,0.025916337966918945,4.311514139175415,47.63 MMac
115,"['rerp', 'trrp', 'regas', 'regad', 'mk', 'trmk', 'ctwav']",2,2,58,557468,4.09693717956543,0.02162933349609375,4.118566513061523,46.17 MMac
116,"['rp', 'rerp', 'trrp', 'regas', 'trgas', 'trgad', 'remk', 'trmk', 'ctwav']",3,1,32,452058,1.9664645195007324,0.024588823318481445,1.9910533428192139,15.47 MMac
117,"['rp', 'trrp', 'regas', 'trgad', 'remk', 'trmk', 'ctwav']",3,1,33,505675,3.5084962844848633,0.0209963321685791,3.5294926166534424,16.35 MMac
118,"['rp', 'rerp', 'trrp', 'regas', 'trgas', 'trgad', 'remk', 'ctwav']",3,1,33,507341,3.7308692932128906,0.021470069885253906,3.7523393630981445,16.78 MMac
119,"['rp', 'gas', 'regas', 'regad', 'trgad', 'remk', 'trmk']",2,2,36,221024,2.0377635955810547,0.020885944366455078,2.0586495399475098,19.17 MMac
120,"['rp', 'rerp', 'trrp', 'gas', 'regas', 'regad', 'mk', 'remk', 'ctwav']",2,2,90,1328896,6.752336025238037,0.02597784996032715,6.778313875198364,108.4 MMac
121,"['rp', 'rerp', 'regas', 'trgad']",2,1,35,129845,1.2518644332885742,0.013663053512573242,1.2655274868011475,10.95 MMac
122,"['rerp', 'gas', 'regad', 'trgad', 'mk', 'remk', 'ctwav']",3,2,37,1027654,5.469655990600586,0.03041982650756836,5.500075817108154,31.39 MMac
123,"['regas', 'regad', 'mk', 'trmk']",2,2,67,751300,4.043936729431152,0.02011275291442871,4.064049482345581,59.72 MMac
124,"['rp', 'rerp', 'trrp', 'trgas', 'trmk', 'ctwav']",3,2,33,823158,5.464696884155273,0.03003978729248047,5.494736671447754,25.07 MMac
125,"['rp', 'rerp', 'trrp', 'trgas', 'gad', 'mk', 'trmk', 'ctwav']",3,2,33,826490,5.50382137298584,0.030949831008911133,5.534771203994751,25.92 MMac
126,"['rp', 'trgas', 'gad', 'mk', 'trmk', 'ctwav']",3,2,33,823158,5.883049964904785,0.029859066009521484,5.912909030914307,25.07 MMac
127,"['rerp', 'trrp', 'regas', 'regad', 'mk', 'trmk']",2,3,91,1928713,8.212101459503174,0.02720785140991211,8.239309310913086,153.5 MMac
128,"['rerp', 'regas', 'trgas', 'gad', 'regad']",2,3,73,1250249,8.685708045959473,0.02736353874206543,8.713071584701538,99.75 MMac
129,"['rp', 'trrp', 'regas', 'trgas', 'gad', 'regad', 'trgad', 'mk', 'remk']",4,1,17,581739,4.979300498962402,0.030838966369628906,5.010139465332031,7.34 MMac
130,"['rp', 'gas', 'regas', 'regad', 'mk', 'remk', 'trmk', 'ctwav']",2,2,96,1504178,6.421422958374023,0.022311687469482422,6.443734645843506,121.32 MMac
131,"['trrp', 'gas', 'gad', 'trgad']",2,3,13,48528,3.30350399017334,0.024680614471435547,3.3281846046447754,4.33 MMac
132,"['rp', 'trgas', 'trgad', 'ctwav']",3,1,15,113822,2.3084044456481934,0.01888298988342285,2.327287435531616,3.84 MMac
133,"['trrp', 'trgas', 'trgad', 'mk', 'remk', 'ctwav']",2,3,56,724432,5.926251411437988,0.027010679244995117,5.953262090682983,58.95 MMac
134,"['rp', 'regas', 'trgas', 'gad', 'remk', 'ctwav']",2,2,70,802096,3.836846351623535,0.02118659019470215,3.8580329418182373,64.91 MMac
135,"['trrp', 'trgas', 'trgad', 'mk', 'remk']",2,3,59,826757,7.015728950500488,0.026365280151367188,7.0420942306518555,66.52 MMac
136,"['trrp', 'trgas', 'trgad', 'mk', 'remk']",2,2,59,590012,4.96673583984375,0.020531892776489258,4.987267732620239,47.7 MMac
137,"['rerp', 'trrp', 'regas', 'trgas', 'regad', 'mk', 'trmk', 'ctwav']",2,2,58,560310,5.1367998123168945,0.02216649055480957,5.158966302871704,46.9 MMac
138,"['rp', 'rerp', 'trrp', 'gas', 'trgas', 'mk', 'remk']",2,3,33,274491,3.449404239654541,0.02694416046142578,3.476348400115967,23.43 MMac
139,"['trrp', 'trgas', 'gad', 'regad', 'trgad', 'remk', 'ctwav']",3,1,62,1656440,8.395743370056152,0.022533655166625977,8.418277025222778,49.44 MMac
140,"['rp', 'rerp', 'trrp', 'trgas', 'mk', 'remk']",2,3,32,242698,3.516089916229248,0.02628326416015625,3.5423731803894043,20.55 MMac
141,"['trrp', 'trgas', 'trgad', 'mk', 'remk', 'ctwav']",2,2,56,518030,3.5671472549438477,0.020745515823364258,3.587892770767212,42.54 MMac
142,"['trgas', 'gad', 'trgad', 'trmk', 'ctwav']",2,3,93,2007394,9.517228603363037,0.026795148849487305,9.544023752212524,158.87 MMac
143,"['gas', 'trgas', 'mk', 'remk', 'ctwav']",2,3,56,721688,6.140875816345215,0.02637338638305664,6.1672492027282715,58.25 MMac
144,"['rp', 'rerp', 'trrp', 'regas', 'trgas', 'ctwav']",3,2,33,823158,6.234550476074219,0.03000926971435547,6.264559745788574,25.07 MMac
145,"['rp', 'rerp', 'trrp', 'regas', 'trgas', 'remk', 'trmk', 'ctwav']",3,2,34,826490,7.364797592163086,0.031023263931274414,7.39582085609436,25.92 MMac
146,"['rp', 'rerp', 'trrp', 'regas', 'trgas', 'remk', 'trmk', 'ctwav']",3,1,35,567713,3.319430351257324,0.021006345748901367,3.3404366970062256,18.58 MMac
147,"['trrp', 'gas', 'trgas', 'gad', 'trgad', 'mk', 'remk', 'ctwav']",2,3,52,631399,5.975151062011719,0.028287649154663086,6.003438711166382,52.49 MMac
148,"['trrp', 'gas', 'trgas', 'gad', 'trgad', 'mk', 'remk', 'ctwav']",2,3,49,584513,7.059955596923828,0.028815269470214844,7.088770866394043,48.76 MMac
149,"['trrp', 'gas', 'trgas', 'gad', 'mk', 'ctwav']",2,3,59,829697,5.982398986816406,0.027629375457763672,6.01002836227417,67.27 MMac
150,"['rp', 'rerp', 'trrp', 'gas', 'trgas', 'gad', 'regad', 'trgad', 'trmk', 'ctwav']",3,3,30,897518,8.661174774169922,0.046431779861450195,8.707606554031372,28.49 MMac
151,"['rp', 'trrp', 'trgas', 'gad', 'trgad', 'remk']",2,3,40,374732,3.37141752243042,0.02674102783203125,3.398158550262451,31.16 MMac
152,"['rp', 'rerp', 'trrp', 'trgas', 'trmk', 'ctwav']",2,2,29,154156,2.2992491722106934,0.02100229263305664,2.32025146484375,13.44 MMac
153,"['trrp', 'trgas', 'trgad', 'mk', 'remk', 'ctwav']",2,3,53,674150,6.531953811645508,0.02748394012451172,6.5594377517700195,55.0 MMac
154,"['rp', 'gas', 'regas', 'gad', 'regad', 'trgad']",3,1,15,115390,2.3731112480163574,0.020879030227661133,2.3939902782440186,4.24 MMac
155,"['trrp', 'trgas', 'trgad', 'mk', 'remk']",2,2,53,479602,2.247905731201172,0.020892620086669922,2.268798351287842,39.05 MMac
156,"['rerp', 'trrp', 'regad', 'mk', 'trmk', 'ctwav']",2,2,59,592952,4.044103622436523,0.020960092544555664,4.065063714981079,48.45 MMac
157,"['trrp', 'trgas', 'mk', 'remk', 'ctwav']",2,3,72,1184780,6.196427345275879,0.02635812759399414,6.222785472869873,94.6 MMac
158,"['rerp', 'trrp', 'regas', 'trgas', 'trgad', 'mk', 'remk', 'ctwav']",3,1,49,1084489,3.7352800369262695,0.021800518035888672,3.757080554962158,33.71 MMac
159,"['rerp', 'trrp', 'gas', 'trgas', 'trgad', 'mk']",3,1,33,504009,3.9711952209472656,0.02096271514892578,3.9921579360961914,15.93 MMac
160,"['rerp', 'trrp', 'trgas', 'trgad', 'mk']",3,2,34,821492,6.795382499694824,0.029653549194335938,6.82503604888916,24.65 MMac
161,"['trrp', 'gas', 'trgas', 'trgad', 'mk', 'remk', 'ctwav']",2,3,56,727176,6.177115440368652,0.027765274047851562,6.204880714416504,59.65 MMac
162,"['trrp', 'gas', 'trgas', 'trgad', 'mk', 'remk']",2,3,56,724432,5.981874465942383,0.02692270278930664,6.0087971687316895,58.95 MMac
163,"['rerp', 'trrp', 'trgas', 'mk', 'remk', 'ctwav']",2,3,56,724432,6.200504302978516,0.026775121688842773,6.227279424667358,58.95 MMac
164,"['rerp', 'trrp', 'trgas', 'mk']",2,3,57,770139,5.936717987060547,0.026241064071655273,5.962959051132202,61.59 MMac
165,"['rerp', 'trrp', 'regas', 'regad', 'mk']",2,2,58,551784,4.19154167175293,0.02069401741027832,4.212235689163208,44.72 MMac
166,"['rerp', 'trrp', 'regas', 'regad', 'mk', 'ctwav']",2,2,58,554626,4.68597412109375,0.021386384963989258,4.707360506057739,45.44 MMac
167,"['rerp', 'trrp', 'regas', 'trgas', 'mk', 'trmk']",2,2,56,518030,4.286932945251465,0.02100348472595215,4.307936429977417,42.54 MMac
168,"['rerp', 'trrp', 'trgas', 'mk', 'remk', 'trmk', 'ctwav']",2,2,35,221024,2.175426483154297,0.0209352970123291,2.196361780166626,19.17 MMac
169,"['trrp', 'trgas', 'trgad', 'remk', 'ctwav']",2,3,56,721688,5.909538269042969,0.026365280151367188,5.935903549194336,58.25 MMac
170,"['rerp', 'trrp', 'gas', 'regas', 'trgad', 'mk', 'trmk', 'ctwav']",2,2,58,560310,5.097866058349609,0.022186994552612305,5.120053052902222,46.9 MMac
171,"['rerp', 'trrp', 'gas', 'trgad', 'mk', 'trmk', 'ctwav']",2,2,59,595892,4.998040199279785,0.021622657775878906,5.019662857055664,49.2 MMac
172,"['rp', 'rerp', 'trrp', 'trgas', 'trmk', 'ctwav']",3,1,33,504009,3.6016464233398438,0.020583629608154297,3.622230052947998,15.93 MMac
173,"['rp', 'rerp', 'gas', 'remk', 'trmk', 'ctwav']",2,2,24,100670,2.476799488067627,0.020222187042236328,2.4970216751098633,9.03 MMac
174,"['rp', 'trrp', 'trgas', 'remk', 'trmk', 'ctwav']",3,1,33,504009,4.264402389526367,0.020641565322875977,4.285043954849243,15.93 MMac
175,"['trrp', 'trgas', 'gad', 'regad', 'trgad', 'mk', 'remk', 'ctwav']",2,3,51,631399,6.180310249328613,0.02785468101501465,6.208164930343628,52.49 MMac
176,"['trrp', 'trgas', 'gad', 'trgad', 'mk', 'remk', 'ctwav']",2,3,51,628851,6.190228462219238,0.027620553970336914,6.217849016189575,51.84 MMac
177,"['rp', 'trrp', 'trgas', 'trgad', 'mk', 'trmk', 'ctwav']",2,3,57,778665,5.445241928100586,0.02749013900756836,5.472732067108154,63.77 MMac
178,"['rp', 'rerp', 'trrp', 'regas', 'trgas', 'regad', 'remk', 'trmk', 'ctwav']",3,1,33,509007,4.172515869140625,0.0402374267578125,4.2127532958984375,17.2 MMac
179,"['rerp', 'trrp', 'regas', 'regad', 'mk', 'trmk', 'ctwav']",2,2,57,557468,3.863096237182617,0.02174830436706543,3.8848445415496826,46.17 MMac
180,"['trrp', 'trgas', 'trgad', 'remk']",2,1,58,327745,1.2526750564575195,0.013992786407470703,1.2666678428649902,26.39 MMac
181,"['trrp', 'trgas', 'trgad', 'mk', 'remk']",2,1,59,353267,1.2709498405456543,0.014403104782104492,1.2853529453277588,28.88 MMac
182,"['rp', 'rerp', 'trrp', 'regas', 'mk', 'remk']",2,3,91,1928713,8.470451831817627,0.02708578109741211,8.497537612915039,153.5 MMac
183,"['trrp', 'trgas', 'trgad', 'mk', 'remk', 'ctwav']",2,3,57,775823,5.535411834716797,0.027162551879882812,5.56257438659668,63.04 MMac
184,"['rp', 'rerp', 'trrp', 'gas', 'trgas', 'gad', 'trmk']",3,1,22,215530,1.7411589622497559,0.020766019821166992,1.7619249820709229,7.6 MMac
185,"['trrp', 'gas', 'trgas', 'gad', 'trgad', 'mk', 'remk', 'ctwav']",2,1,49,255139,1.2766838073730469,0.01616644859313965,1.2928502559661865,22.52 MMac
186,"['rp', 'trrp', 'trgas', 'mk', 'ctwav']",3,1,40,692592,4.211568832397461,0.019884586334228516,4.2314534187316895,20.95 MMac
187,"['rp', 'rerp', 'gas', 'trgad', 'remk', 'trmk', 'ctwav']",2,2,24,101846,2.5397777557373047,0.021004676818847656,2.5607824325561523,9.33 MMac
188,"['regas', 'trgas', 'trgad', 'mk', 'remk']",2,2,61,629022,4.935884475708008,0.021030426025390625,4.956914901733398,50.77 MMac
189,"['rp', 'trrp', 'gas', 'trgas', 'gad', 'regad', 'mk', 'remk', 'trmk', 'ctwav']",2,3,92,1946745,8.709311485290527,0.03426194190979004,8.743573427200317,158.11 MMac
190,"['rp', 'rerp', 'trrp', 'regas', 'trgas', 'gad', 'mk', 'trmk', 'ctwav']",3,2,33,828156,6.037235260009766,0.036438703536987305,6.073673963546753,26.35 MMac
191,"['rerp', 'trrp', 'regad', 'mk', 'trmk']",2,1,58,330587,1.2512922286987305,0.014538049697875977,1.2658302783966064,27.12 MMac
192,"['rerp', 'trrp', 'gas', 'gad', 'trgad', 'mk', 'remk', 'ctwav']",2,3,49,584513,5.452108383178711,0.02823328971862793,5.480341672897339,48.76 MMac
193,"['rp', 'gas', 'trgas', 'mk', 'remk', 'trmk', 'ctwav']",2,2,21,86318,1.8806695938110352,0.021160602569580078,1.9018301963806152,8.03 MMac
194,"['rp', 'rerp', 'trrp', 'gas', 'trgas', 'gad', 'mk', 'remk']",2,3,33,276157,2.64509916305542,0.02779555320739746,2.6728947162628174,23.85 MMac
195,"['rerp', 'trrp', 'regas', 'trgas', 'gad', 'trgad', 'mk']",4,2,14,572678,7.399845123291016,0.038860321044921875,7.4387054443359375,6.6 MMac
196,"['rerp', 'trgad', 'mk']",2,1,46,206346,1.2784719467163086,0.013669252395629883,1.2921411991119385,16.57 MMac
197,"['rerp', 'regas', 'regad', 'mk', 'trmk', 'ctwav']",2,2,58,554626,4.0953874588012695,0.02115345001220703,4.116540908813477,45.44 MMac
198,"['rerp', 'trrp', 'regas', 'trgas', 'mk', 'remk', 'trmk', 'ctwav']",3,1,33,507341,3.5529613494873047,0.021755218505859375,3.574716567993164,16.78 MMac
199,"['rerp', 'trrp', 'regas', 'trgad', 'mk']",2,1,96,886634,2.5510787963867188,0.014363765716552734,2.5654425621032715,69.89 MMac
200,"['rp', 'rerp', 'gas', 'remk', 'trmk', 'ctwav']",3,2,22,348888,2.8504133224487305,0.029157638549804688,2.879570960998535,11.21 MMac
201,"['rp', 'rerp', 'trrp', 'trgas', 'mk', 'remk', 'trmk', 'ctwav']",3,2,33,826490,5.330610275268555,0.03069782257080078,5.3613080978393555,25.92 MMac
202,"['trrp', 'gas', 'trgas', 'gad', 'trgad', 'mk', 'trmk', 'ctwav']",2,3,49,584513,5.484223365783691,0.027959585189819336,5.512182950973511,48.76 MMac
203,"['rerp', 'trrp', 'regad', 'mk', 'trmk', 'ctwav']",2,2,60,592952,3.9197444915771484,0.020926952362060547,3.940671443939209,48.45 MMac
204,"['rp', 'trgas', 'gad', 'trgad', 'mk']",2,2,22,84162,1.9369721412658691,0.02019333839416504,1.9571654796600342,7.47 MMac
205,"['rp', 'trgas', 'gad', 'trgad', 'mk']",2,2,26,115896,1.8810749053955078,0.020194292068481445,1.9012691974639893,10.08 MMac
206,"['rp', 'gas', 'trgas', 'gad', 'trgad', 'mk', 'remk', 'ctwav']",3,1,71,2231840,6.041693687438965,0.02212691307067871,6.0638206005096436,66.45 MMac
207,"['rp', 'trgas', 'gad', 'trgad', 'mk']",2,2,18,57484,1.8777251243591309,0.0202791690826416,1.8980042934417725,5.25 MMac
208,"['trrp', 'trgas', 'trgad', 'mk', 'remk']",2,2,60,590012,3.868269920349121,0.02002739906311035,3.8882973194122314,47.7 MMac
209,"['rp', 'rerp', 'gas', 'trgas', 'regad', 'trgad', 'mk']",2,2,86,1207054,6.236207485198975,0.02267742156982422,6.258884906768799,97.3 MMac
210,"['trrp', 'trgas', 'gad', 'trgad', 'mk', 'remk', 'ctwav']",2,3,56,727176,5.561017990112305,0.026785612106323242,5.587803602218628,59.65 MMac
211,"['trrp', 'gas', 'trgas', 'trgad', 'mk', 'remk']",2,2,59,592952,4.052948951721191,0.021007299423217773,4.073956251144409,48.45 MMac
212,"['rp', 'trrp', 'regas', 'trgas', 'regad', 'remk', 'ctwav']",2,1,19,45317,1.203763484954834,0.014504194259643555,1.2182676792144775,4.64 MMac
213,"['rp', 'gas', 'regas', 'remk', 'trmk', 'ctwav']",3,2,19,289412,3.1928062438964844,0.028794288635253906,3.2216005325317383,9.43 MMac
214,"['rp', 'gas', 'regas', 'ctwav']",2,1,82,646387,2.272939682006836,0.014035463333129883,2.286975145339966,50.8 MMac
215,"['rerp', 'trrp', 'gas', 'regas', 'regad', 'mk', 'trmk', 'ctwav']",2,2,59,598832,4.081892967224121,0.022305965423583984,4.104198932647705,49.95 MMac
216,"['trrp', 'gas', 'trgas', 'trgad', 'mk', 'remk', 'ctwav']",2,3,35,306911,3.601193428039551,0.028113126754760742,3.6293065547943115,26.04 MMac
217,"['trrp', 'gas', 'trgas', 'trgad', 'remk', 'ctwav']",2,3,49,579613,6.13245964050293,0.029683828353881836,6.1621434688568115,47.5 MMac
218,"['rp', 'rerp', 'trrp', 'gas', 'mk', 'trmk', 'ctwav']",2,3,33,274491,3.7697315216064453,0.030727863311767578,3.800459384918213,23.43 MMac
219,"['rerp', 'trrp', 'gas', 'regas', 'gad', 'regad', 'trmk', 'ctwav']",2,2,52,453260,1.9771218299865723,0.025615930557250977,2.0027377605438232,38.31 MMac
220,"['rerp', 'trrp', 'gas', 'gad', 'regad', 'trmk', 'ctwav']",2,2,57,557468,4.326725006103516,0.023360013961791992,4.350085020065308,46.17 MMac
221,"['rp', 'rerp', 'trrp', 'trgas', 'gad', 'trmk', 'ctwav']",3,2,33,824824,7.376813888549805,0.036054372787475586,7.41286826133728,25.5 MMac
222,"['rerp', 'gas', 'trgas', 'regad', 'trgad']",3,1,63,1757874,6.14551305770874,0.0232694149017334,6.168782472610474,50.87 MMac
223,"['rerp', 'regas', 'trgas', 'regad', 'trgad']",3,1,63,1757874,5.90289831161499,0.021898269653320312,5.9247965812683105,50.87 MMac
224,"['trgas', 'trgad', 'mk', 'remk', 'ctwav']",2,3,56,721688,4.819989204406738,0.02603602409362793,4.846025228500366,58.25 MMac
225,"['trrp', 'gas', 'trgas', 'gad', 'trgad', 'remk', 'ctwav']",2,3,46,494466,3.0053138732910156,0.029450416564941406,3.034764289855957,41.13 MMac
226,"['trrp', 'gas', 'trgas', 'gad', 'regad', 'trgad', 'remk', 'ctwav']",2,3,49,584513,4.237675666809082,0.019419431686401367,4.257095098495483,48.76 MMac
227,"['rerp', 'trrp', 'gad', 'regad', 'trmk', 'ctwav']",2,2,58,554626,3.4398555755615234,0.014593362808227539,3.454448938369751,45.44 MMac
228,"['rerp', 'gas', 'trgas', 'remk', 'trmk', 'ctwav']",2,2,25,117170,2.2997617721557617,0.014723539352416992,2.3144853115081787,10.41 MMac
229,"['rp', 'rerp', 'trrp', 'trgas', 'trmk', 'ctwav']",3,2,32,730322,6.398367881774902,0.020249605178833008,6.418617486953735,22.38 MMac
230,"['trrp', 'trgas', 'gad', 'trgad', 'mk', 'remk']",2,2,59,592952,3.7348270416259766,0.0167844295501709,3.7516114711761475,48.45 MMac
231,"['trrp', 'trgas', 'trgad', 'mk', 'ctwav']",2,3,56,721688,4.1764020919799805,0.018039226531982422,4.194441318511963,58.25 MMac
232,"['trrp', 'gas', 'regas', 'trgas', 'trgad', 'remk', 'ctwav']",2,3,49,582063,4.362583160400391,0.019431352615356445,4.382014513015747,48.13 MMac
233,"['gas', 'regas', 'trgas', 'trgad', 'remk', 'ctwav']",2,3,50,579613,5.159878730773926,0.018670082092285156,5.178548812866211,47.5 MMac
234,"['rerp', 'trrp', 'regas', 'regad', 'mk', 'remk', 'trmk', 'ctwav']",2,2,58,560310,3.566575050354004,0.01785111427307129,3.584426164627075,46.9 MMac
235,"['rp', 'rerp', 'gas', 'regad', 'trgad', 'mk', 'remk', 'trmk', 'ctwav']",2,1,82,666477,2.4365901947021484,0.016067028045654297,2.4526572227478027,55.94 MMac
236,"['rerp', 'trrp', 'regad', 'trmk', 'ctwav']",2,2,59,590012,3.334832191467285,0.016562461853027344,3.3513946533203125,47.7 MMac
237,"['trrp', 'regas', 'gad', 'mk', 'remk', 'ctwav']",2,2,53,482248,1.5781879425048828,0.015123605728149414,1.5933115482330322,39.72 MMac
238,"['trrp', 'regas', 'regad', 'trmk', 'ctwav']",2,1,32,105082,1.4941692352294922,0.011681556701660156,1.5058507919311523,9.26 MMac
239,"['rerp', 'trgas', 'gad', 'regad', 'trgad', 'remk', 'trmk']",2,2,12,28172,1.615917682647705,0.014662027359008789,1.6305797100067139,2.94 MMac
240,"['trrp', 'regas', 'gad', 'mk', 'remk', 'ctwav']",2,3,52,626303,5.5530548095703125,0.01882457733154297,5.5718793869018555,51.18 MMac
241,"['gad', 'trgad', 'mk', 'remk', 'ctwav']",2,3,52,623755,4.771614074707031,0.021182537078857422,4.792796611785889,50.53 MMac
242,"['trrp', 'ctwav']",2,2,52,437972,1.5265107154846191,0.013032913208007812,1.539543628692627,34.4 MMac
243,"['trrp', 'regas', 'trgas', 'gad', 'mk', 'remk', 'ctwav']",2,3,63,945234,5.274248123168945,0.02733755111694336,5.301585674285889,76.93 MMac
244,"['rp', 'trgas', 'gad', 'regad', 'trgad', 'mk', 'remk']",3,3,25,673251,10.308122634887695,0.03940701484680176,10.347529649734497,20.94 MMac
245,"['rerp', 'trrp', 'gas', 'regas', 'gad', 'regad', 'mk', 'ctwav']",2,1,58,339113,1.4312386512756348,0.016045808792114258,1.447284460067749,29.3 MMac
246,"['trrp', 'regas', 'gad', 'mk', 'remk', 'ctwav']",2,1,53,290346,1.33284330368042,0.015183210372924805,1.3480265140533447,24.45 MMac
247,"['rp', 'rerp', 'gas', 'trgas', 'regad', 'remk', 'trmk', 'ctwav']",2,1,17,38283,1.6173601150512695,0.015501260757446289,1.6328613758087158,4.16 MMac
248,"['rp', 'rerp', 'gas', 'remk', 'trmk', 'ctwav']",2,1,22,52818,1.587831974029541,0.01603078842163086,1.6038627624511719,5.13 MMac
249,"['rp', 'rerp', 'gas', 'remk', 'trmk', 'ctwav']",2,1,25,72093,1.5783905982971191,0.014745235443115234,1.5931358337402344,6.78 MMac
250,"['regas', 'trgas', 'regad', 'trgad', 'mk', 'remk']",2,3,58,775823,4.969000816345215,0.026888608932495117,4.99588942527771,63.04 MMac
251,"['rerp', 'trrp', 'gas', 'regad', 'mk', 'trmk', 'ctwav']",2,2,58,557468,4.479646682739258,0.021587848663330078,4.501234531402588,46.17 MMac
252,"['trrp', 'regas', 'gad', 'mk', 'remk', 'trmk', 'ctwav']",2,2,53,484894,2.05230712890625,0.021525859832763672,2.0738329887390137,40.4 MMac
253,"['trrp', 'regas', 'gad', 'mk', 'remk', 'ctwav']",2,2,43,323600,2.6308417320251465,0.020654678344726562,2.651496410369873,27.1 MMac
254,"['rerp', 'trrp', 'regas', 'trgas', 'gad', 'regad', 'ctwav']",2,3,50,582063,4.8748016357421875,0.027427196502685547,4.902228832244873,48.13 MMac
255,"['trrp', 'gas', 'trgas', 'remk', 'trmk', 'ctwav']",2,2,59,592952,4.160666465759277,0.02095198631286621,4.1816184520721436,48.45 MMac
256,"['gas', 'trgas', 'gad', 'regad', 'mk', 'remk']",2,3,25,162247,3.529214859008789,0.02697587013244629,3.5561907291412354,14.03 MMac
257,"['rp', 'rerp', 'trrp', 'gas', 'regas', 'trgas', 'regad', 'trgad', 'mk', 'remk', 'trmk', 'ctwav']",2,3,91,1955761,8.701229095458984,0.03428983688354492,8.73551893234253,160.42 MMac
258,"['trrp', 'gad', 'remk']",2,3,23,135680,2.519965171813965,0.02536320686340332,2.545328378677368,11.23 MMac
259,"['rp', 'trrp', 'regas', 'gad', 'mk', 'remk', 'ctwav']",2,2,53,484894,2.0514845848083496,0.021709680557250977,2.0731942653656006,40.4 MMac
260,"['regas', 'gad', 'mk', 'remk', 'ctwav']",2,2,53,479602,1.979506015777588,0.02075362205505371,2.0002596378326416,39.05 MMac
261,"['trrp', 'gas', 'regas', 'gad', 'mk', 'remk', 'ctwav']",2,2,53,484894,1.9030213356018066,0.02213120460510254,1.9251525402069092,40.4 MMac
262,"['trrp', 'regas', 'gad', 'trgad', 'mk', 'remk', 'ctwav']",2,2,53,484894,2.275705337524414,0.022066116333007812,2.297771453857422,40.4 MMac
263,"['rerp', 'trrp', 'regas', 'gad', 'mk', 'remk', 'ctwav']",2,2,53,484894,2.2533416748046875,0.022269725799560547,2.275611400604248,40.4 MMac
264,"['rp', 'rerp', 'gas', 'regas', 'trgas', 'gad', 'regad', 'trmk', 'ctwav']",3,1,60,1558247,6.185853481292725,0.02537393569946289,6.2112274169921875,47.99 MMac
265,"['gas', 'regad', 'ctwav']",3,2,15,184634,2.894306182861328,0.027922868728637695,2.922229051589966,5.72 MMac
266,"['rp', 'rerp', 'gas', 'regad', 'trgad', 'trmk', 'ctwav']",3,3,37,1425846,11.437010765075684,0.03890562057495117,11.475916385650635,42.78 MMac
267,"['regas', 'gad', 'regad', 'mk', 'remk', 'ctwav']",2,2,33,196198,1.8801331520080566,0.020515918731689453,1.900649070739746,16.87 MMac
268,"['trrp', 'gas', 'regas', 'trgas', 'gad', 'trmk', 'ctwav']",3,2,12,107420,2.757692337036133,0.0292661190032959,2.7869584560394287,3.98 MMac
269,"['rp', 'gas', 'trgas', 'gad', 'regad', 'trgad', 'mk', 'remk']",3,3,25,674525,8.335494995117188,0.04027414321899414,8.375769138336182,21.27 MMac
270,"['trrp', 'regas', 'trgad', 'mk', 'remk']",2,2,59,590012,5.486488342285156,0.02419567108154297,5.510684013366699,47.7 MMac
271,"['rp', 'trrp', 'regas', 'gad', 'regad', 'trgad', 'trmk', 'ctwav']",2,1,63,410034,1.871657371520996,0.020605087280273438,1.8922624588012695,34.96 MMac
272,"['rp', 'rerp', 'trrp', 'gas', 'regas', 'trgas', 'regad', 'trgad', 'mk', 'ctwav']",4,3,15,1034902,16.88523292541504,0.07216477394104004,16.95739769935608,11.75 MMac
273,"['trrp', 'regas', 'gad', 'mk', 'remk', 'ctwav']",2,2,52,448164,2.722620964050293,0.0237581729888916,2.7463791370391846,37.01 MMac
274,"['trrp', 'gas', 'trgas', 'trgad', 'remk', 'ctwav']",2,2,49,414926,1.964426040649414,0.021113157272338867,1.985539197921753,34.38 MMac
275,"['rp', 'trrp', 'trgas', 'gad', 'trgad', 'mk', 'remk', 'ctwav']",2,3,34,276157,2.5887131690979004,0.02786993980407715,2.6165831089019775,23.85 MMac
276,"['rp', 'regas', 'trgas', 'gad', 'mk', 'remk', 'trmk']",3,3,29,893108,7.730770111083984,0.038983821868896484,7.769753932952881,27.37 MMac
277,"['trrp', 'trgad', 'remk']",2,1,57,324903,1.2512803077697754,0.013621330261230469,1.2649016380310059,25.66 MMac
278,"['rp', 'gad', 'regad', 'trgad', 'mk', 'remk', 'trmk']",2,1,85,722552,2.5716304779052734,0.015850305557250977,2.5874807834625244,58.87 MMac
279,"['trrp', 'gas', 'trgas', 'trgad', 'remk', 'ctwav']",2,3,48,535310,5.524635314941406,0.027413368225097656,5.552048683166504,43.96 MMac
280,"['rp', 'trrp', 'gas', 'trgas', 'gad', 'trgad', 'mk', 'trmk', 'ctwav']",2,1,16,31870,1.3228297233581543,0.019413232803344727,1.342242956161499,3.68 MMac
281,"['trrp', 'regas', 'trgas', 'gad', 'remk', 'ctwav']",2,3,70,1123658,5.783939361572266,0.02745795249938965,5.811397314071655,90.45 MMac
282,"['rp', 'regas', 'trgas', 'gad', 'regad', 'trgad', 'mk', 'remk']",3,3,25,674525,9.937167167663574,0.03989076614379883,9.977057933807373,21.27 MMac
283,"['rerp', 'gas', 'gad', 'regad', 'trmk', 'ctwav']",2,2,57,554626,3.978252410888672,0.021484851837158203,3.99973726272583,45.44 MMac
284,"['trrp', 'gas', 'trgas', 'gad', 'trgad', 'mk', 'ctwav']",2,3,48,537662,5.71446418762207,0.027539968490600586,5.742004156112671,44.57 MMac
285,"['trrp', 'trgas', 'trgad', 'mk', 'remk', 'ctwav']",2,3,55,724432,5.809283256530762,0.027049541473388672,5.83633279800415,58.95 MMac
286,"['regas', 'trgas', 'gad', 'regad', 'remk', 'trmk', 'ctwav']",2,3,71,1191836,5.803442001342773,0.027904987335205078,5.8313469886779785,96.4 MMac
287,"['rerp', 'regas', 'gad', 'regad', 'remk', 'ctwav']",2,3,70,1123658,6.679534912109375,0.027662992477416992,6.707197904586792,90.45 MMac
288,"['regas', 'trgas', 'gad', 'regad']",2,2,70,795236,3.179049491882324,0.020488977432250977,3.199538469314575,63.15 MMac
289,"['rp', 'rerp', 'trrp', 'gas', 'gad', 'mk', 'trmk', 'ctwav']",3,2,28,563824,6.57503604888916,0.030581951141357422,6.605618000030518,18.16 MMac
290,"['trrp', 'gas', 'trgas', 'trgad', 'remk', 'ctwav']",2,3,34,272825,3.430354595184326,0.027012109756469727,3.457366704940796,23.0 MMac
291,"['trrp', 'trgad', 'mk', 'remk', 'ctwav']",2,3,56,721688,5.456066131591797,0.02634596824645996,5.482412099838257,58.25 MMac
292,"['rp', 'trgas', 'gad', 'regad', 'trgad', 'mk', 'remk']",3,3,33,1143973,8.246588706970215,0.03962898254394531,8.28621768951416,34.65 MMac
293,"['rp', 'trgas', 'gad', 'regad', 'trgad', 'mk', 'remk']",3,3,30,893108,9.335684776306152,0.03946638107299805,9.37515115737915,27.37 MMac
294,"['rp', 'trgas', 'gad', 'regad', 'trgad', 'mk', 'remk']",3,3,31,1014858,9.82208251953125,0.03974461555480957,9.86182713508606,30.9 MMac
295,"['rerp', 'trrp', 'mk', 'trmk', 'ctwav']",2,2,59,590012,3.8411855697631836,0.02054619789123535,3.861731767654419,47.7 MMac
296,"['rerp', 'trrp', 'trgas', 'mk', 'remk']",2,2,59,590012,3.581571578979492,0.02062392234802246,3.6021955013275146,47.7 MMac
297,"['rerp', 'trrp', 'regas', 'gad', 'trgad']",3,1,48,993542,3.884243965148926,0.020351409912109375,3.904595375061035,29.47 MMac
298,"['gas', 'regas', 'regad', 'trgad', 'mk']",2,3,47,532958,5.690145492553711,0.026286602020263672,5.716432094573975,43.36 MMac
299,"['trrp', 'trgas', 'trgad', 'mk', 'remk', 'trmk', 'ctwav']",2,3,56,727176,6.078219413757324,0.02758622169494629,6.1058056354522705,59.65 MMac
300,"['trrp', 'gas', 'regas', 'trgas', 'remk']",2,1,65,425289,1.2792348861694336,0.014501333236694336,1.293736219406128,34.48 MMac
301,"['rp', 'trgas', 'gad', 'regad', 'trgad', 'mk', 'remk']",3,2,23,415286,3.301703929901123,0.029387474060058594,3.3310914039611816,13.44 MMac
302,"['trrp', 'gas', 'trgas', 'trgad', 'remk', 'ctwav']",2,3,47,535310,5.979800224304199,0.02694559097290039,6.0067458152771,43.96 MMac
303,"['rp', 'trrp', 'gas', 'regad']",2,3,18,78449,13.684260845184326,0.02650618553161621,13.710767030715942,6.8 MMac
304,"['rp', 'trrp', 'gas', 'regas', 'gad', 'regad', 'remk', 'trmk']",2,1,51,275121,1.3616442680358887,0.016054391860961914,1.3776986598968506,24.13 MMac
305,"['rp', 'rerp', 'trrp', 'trgas', 'trgad', 'remk']",3,3,47,2264126,13.112640380859375,0.03902459144592285,13.151664972305298,66.25 MMac
306,"['trrp', 'gas', 'gad', 'remk', 'trmk', 'ctwav']",2,2,53,482248,2.103579044342041,0.021266698837280273,2.1248457431793213,39.72 MMac
307,"['rp', 'trrp', 'gad', 'regad', 'trmk', 'ctwav']",2,3,87,1766360,10.32857894897461,0.027038097381591797,10.355617046356201,140.8 MMac
308,"['rp', 'gas', 'regas', 'regad', 'trgad', 'remk', 'trmk']",3,1,62,1656440,5.057394504547119,0.021485567092895508,5.078880071640015,49.44 MMac
309,"['rp', 'gas', 'gad', 'remk']",2,2,61,625984,4.9121856689453125,0.020201683044433594,4.932387351989746,49.99 MMac
310,"['rp', 'trrp', 'gas', 'trgas', 'trgad', 'remk', 'trmk', 'ctwav']",2,3,47,540014,6.338238716125488,0.027998924255371094,6.366237640380859,45.17 MMac
311,"['trrp', 'regas', 'gad', 'mk', 'remk', 'ctwav']",2,3,48,535310,5.338764190673828,0.026792526245117188,5.365556716918945,43.96 MMac
312,"['rerp', 'gas', 'gad', 'regad', 'mk', 'remk', 'trmk', 'ctwav']",4,1,36,2297729,7.83841609954834,0.027933835983276367,7.866349935531616,24.48 MMac
313,"['rerp', 'trrp', 'regas', 'gad', 'mk']",3,2,47,1627658,8.897531032562256,0.029742717742919922,8.927273750305176,47.56 MMac
314,"['rerp', 'trrp', 'regas', 'gad']",3,2,47,1625306,11.252868175506592,0.029060840606689453,11.281929016113281,46.96 MMac
315,"['rerp', 'trrp', 'gas', 'regas']",3,2,47,1625306,11.287450790405273,0.029121875762939453,11.316572666168213,46.96 MMac
316,"['rerp', 'trrp', 'gas', 'trgas', 'remk', 'ctwav']",2,3,47,535310,5.80751895904541,0.027251720428466797,5.834770679473877,43.96 MMac
317,"['trrp', 'gas', 'trgas', 'remk', 'ctwav']",2,3,46,489958,2.9726743698120117,0.02671647071838379,2.9993908405303955,39.98 MMac
318,"['rerp', 'trrp', 'gas', 'trgas', 'remk', 'ctwav']",2,3,46,492212,3.0559897422790527,0.027456045150756836,3.0834457874298096,40.56 MMac
319,"['trrp', 'gas', 'trgas', 'remk', 'ctwav']",2,3,47,532958,6.081295013427734,0.026154279708862305,6.107449293136597,43.36 MMac
320,"['trrp', 'regas', 'mk', 'remk', 'ctwav']",2,3,52,623755,5.850839614868164,0.029556989669799805,5.880396604537964,50.53 MMac
321,"['rerp', 'trrp', 'gas', 'regas', 'trgas', 'gad', 'trgad', 'ctwav']",2,1,12,18851,1.8821001052856445,0.01986837387084961,1.9019684791564941,2.28 MMac
322,"['trgas', 'gad', 'regad', 'trgad', 'mk', 'remk']",3,3,25,671977,9.627127647399902,0.04437994956970215,9.671507596969604,20.61 MMac
323,"['rerp', 'trrp', 'gas', 'regas', 'trgad', 'mk', 'remk', 'ctwav']",2,3,14,51272,3.3317923545837402,0.027045726776123047,3.3588380813598633,5.03 MMac
324,"['trrp', 'gas', 'trgas', 'trgad', 'remk', 'ctwav']",2,2,47,383354,2.343451976776123,0.02121424674987793,2.364666223526001,31.86 MMac
325,"['trrp', 'gas', 'trgas', 'trgad', 'remk', 'ctwav']",2,1,47,231398,1.1413216590881348,0.014865875244140625,1.1561875343322754,19.76 MMac
326,"['trrp', 'regas', 'gad', 'mk', 'remk', 'ctwav']",3,2,55,2213486,9.732842445373535,0.03006744384765625,9.762909889221191,64.71 MMac
327,"['trrp', 'regas', 'gad', 'mk', 'remk', 'ctwav']",3,2,53,2059048,10.256052017211914,0.030477046966552734,10.286529064178467,60.34 MMac
328,"['trrp', 'regas', 'gad', 'remk', 'ctwav']",2,2,56,515286,4.633069038391113,0.02086615562438965,4.653935194015503,41.83 MMac
329,"['trrp', 'regas', 'gad', 'remk', 'ctwav']",2,2,57,551784,4.248619079589844,0.021126747131347656,4.269745826721191,44.72 MMac
330,"['trrp', 'gas', 'trgad', 'remk', 'ctwav']",2,3,47,532958,4.814815521240234,0.0266263484954834,4.841441869735718,43.36 MMac
331,"['rp', 'trrp', 'gas', 'trgad', 'remk', 'ctwav']",2,3,48,535310,5.925583839416504,0.026978731155395508,5.952562570571899,43.96 MMac
332,"['trrp', 'gas', 'trgas', 'trgad', 'remk', 'ctwav']",3,3,48,2264126,12.636637687683105,0.039087533950805664,12.675725221633911,66.25 MMac
333,"['trrp', 'regas', 'trgas', 'gad', 'mk', 'remk', 'ctwav']",2,2,54,484894,1.8824338912963867,0.02152729034423828,1.903961181640625,40.4 MMac
334,"['rp', 'rerp', 'gas', 'regas', 'remk', 'trmk', 'ctwav']",2,2,24,101846,2.5367021560668945,0.021157026290893555,2.557859182357788,9.33 MMac
335,"['rerp', 'trrp', 'regad', 'trgad', 'mk']",3,1,59,1546487,5.226552486419678,0.019889354705810547,5.246441841125488,44.98 MMac
336,"['rp', 'rerp', 'gas', 'regas', 'remk', 'trmk', 'ctwav']",3,1,31,448922,1.8775582313537598,0.020818233489990234,1.89837646484375,14.67 MMac
337,"['trrp', 'gas', 'regas', 'trgas', 'trgad', 'remk', 'ctwav']",2,3,47,537662,6.838846206665039,0.02717733383178711,6.866023540496826,44.57 MMac
338,"['gas', 'mk', 'ctwav']",2,2,45,345898,2.061891555786133,0.019474029541015625,2.0813655853271484,27.7 MMac
339,"['rp', 'trrp', 'gas', 'trgas', 'trgad', 'remk', 'ctwav']",2,3,47,537662,6.692194938659668,0.027318477630615234,6.719513416290283,44.57 MMac
340,"['rerp', 'trrp', 'trgas', 'remk']",3,1,25,294887,1.9716262817382812,0.01917552947998047,1.9908018112182617,9.18 MMac
341,"['trrp', 'gas', 'trgas', 'trgad', 'remk', 'trmk', 'ctwav']",2,3,47,537662,6.0993194580078125,0.027235031127929688,6.126554489135742,44.57 MMac
342,"['trrp', 'regas', 'mk', 'trmk', 'ctwav']",2,2,58,551784,3.548598289489746,0.020496606826782227,3.5690948963165283,44.72 MMac
343,"['rerp', 'regas', 'trgad', 'remk']",3,1,49,1074689,3.740692138671875,0.01991891860961914,3.760611057281494,31.21 MMac
344,"['trrp', 'gas', 'trgas', 'trgad', 'ctwav']",2,3,48,532958,6.303095817565918,0.02625441551208496,6.329350233078003,43.36 MMac
345,"['rerp', 'trrp', 'regas', 'gad', 'trgad', 'mk']",3,2,48,1630010,9.955787658691406,0.030088424682617188,9.985876083374023,48.17 MMac
346,"['rerp', 'trrp', 'regas', 'gad', 'trgad']",2,1,48,229046,1.3559579849243164,0.014172554016113281,1.3701305389404297,19.15 MMac
347,"['trrp', 'gas', 'regas', 'gad', 'remk', 'ctwav']",2,2,56,518030,5.008840560913086,0.021308422088623047,5.030148983001709,42.54 MMac
348,"['rerp', 'trrp', 'regas', 'gad', 'trgad', 'trmk']",3,2,56,2213486,9.355902671813965,0.030087947845458984,9.385990619659424,64.71 MMac
349,"['rerp', 'trrp', 'gas', 'regas', 'regad', 'trmk', 'ctwav']",2,2,58,557468,4.621434211730957,0.02162337303161621,4.643057584762573,46.17 MMac
350,"['trrp', 'regas', 'gad', 'mk', 'remk', 'ctwav']",2,2,56,518030,4.544234275817871,0.021140336990356445,4.5653746128082275,42.54 MMac
351,"['rp', 'trrp', 'gas', 'trgas', 'trgad', 'remk', 'trmk', 'ctwav']",2,3,48,540014,6.069755554199219,0.027745723724365234,6.097501277923584,45.17 MMac
352,"['rerp', 'trrp', 'gas', 'trgas', 'gad', 'trgad', 'mk', 'remk', 'ctwav']",2,3,49,586963,5.748581886291504,0.033339500427246094,5.78192138671875,49.39 MMac
353,"['rp', 'trgas', 'gad', 'regad', 'mk', 'remk']",3,3,25,671977,10.080933570861816,0.03843569755554199,10.119369268417358,20.61 MMac
354,"['rp', 'rerp', 'trrp', 'regas', 'trgas', 'regad', 'trgad', 'mk', 'remk', 'trmk', 'ctwav']",3,2,44,1382460,9.5306396484375,0.0369410514831543,9.567580699920654,43.57 MMac
355,"['rp', 'trrp', 'gas', 'regas', 'trgas', 'gad', 'regad', 'remk', 'trmk']",2,3,46,498974,2.5349974632263184,0.03327512741088867,2.568272590637207,42.29 MMac
356,"['rerp', 'trrp', 'trmk', 'ctwav']",3,2,56,2207998,8.20019245147705,0.029193401336669922,8.22938585281372,63.3 MMac
357,"['rerp', 'regas', 'gad', 'regad', 'mk']",2,2,56,515286,4.404926300048828,0.020296096801757812,4.425222396850586,41.83 MMac
358,"['rp', 'trgad', 'remk', 'ctwav']",3,3,45,2075854,12.253725528717041,0.038163185119628906,12.29188871383667,59.88 MMac
359,"['trrp', 'regas', 'trgas', 'trgad', 'mk', 'remk', 'ctwav']",2,1,57,336271,1.084887981414795,0.012933969497680664,1.0978219509124756,28.57 MMac
360,"['rp', 'trrp', 'gas', 'trgas', 'trgad', 'mk', 'remk', 'ctwav']",2,3,49,584513,6.124591827392578,0.028361082077026367,6.1529529094696045,48.76 MMac
361,"['rerp', 'regas', 'gad', 'regad', 'mk']",2,2,54,479602,2.083158493041992,0.02082347869873047,2.1039819717407227,39.05 MMac
362,"['rerp', 'regas', 'gad', 'mk']",2,2,59,587072,4.4745683670043945,0.02005290985107422,4.494621276855469,46.94 MMac
363,"['rerp', 'trgas', 'gad', 'regad', 'mk']",2,2,56,515286,4.117894172668457,0.020352840423583984,4.138247013092041,41.83 MMac
364,"['trrp', 'regad', 'mk', 'ctwav']",3,3,41,1732553,15.07415771484375,0.037895917892456055,15.112053632736206,50.19 MMac
365,"['rp', 'trrp', 'gas', 'trgas', 'trgad', 'remk', 'trmk', 'ctwav']",2,2,47,388058,2.166295051574707,0.0219268798828125,2.1882219314575195,33.06 MMac
366,"['rerp', 'trrp', 'regas', 'regad', 'trgad', 'mk', 'trmk', 'ctwav']",2,2,58,560310,5.094337463378906,0.0223541259765625,5.116691589355469,46.9 MMac
367,"['rp', 'rerp', 'trrp', 'regas', 'trgas', 'regad', 'mk', 'ctwav']",2,3,95,2107610,8.39388370513916,0.027940750122070312,8.42182445526123,169.15 MMac
368,"['regas', 'trgas', 'gad', 'trgad']",3,1,47,991190,3.619694709777832,0.019502639770507812,3.63919734954834,28.87 MMac
369,"['regas', 'trgas', 'trgad', 'mk', 'remk']",2,1,70,477104,1.1852383613586426,0.014569759368896484,1.199808120727539,38.49 MMac
370,"['rerp', 'trrp', 'regas', 'gad', 'mk', 'remk', 'trmk', 'ctwav']",2,3,38,342542,3.506624698638916,0.02781057357788086,3.534435272216797,29.26 MMac
371,"['rp', 'trgad', 'trmk', 'ctwav']",4,1,35,2290673,7.957398891448975,0.025321245193481445,7.982720136642456,22.68 MMac
372,"['trrp', 'regas', 'trgas', 'trgad', 'remk', 'ctwav']",2,1,57,333429,1.629197597503662,0.014946460723876953,1.644144058227539,27.85 MMac
373,"['trrp', 'regas', 'gad', 'mk', 'ctwav']",2,2,53,479602,2.2875070571899414,0.020378828048706055,2.3078858852386475,39.05 MMac
374,"['rerp', 'trrp', 'regas', 'gad', 'trgad']",3,1,50,1077139,3.625631332397461,0.020100831985473633,3.6457321643829346,31.83 MMac
375,"['rerp', 'trrp', 'regas', 'gad', 'trgad']",3,1,51,1164321,3.4364700317382812,0.019823789596557617,3.456293821334839,34.28 MMac
376,"['rerp', 'trrp', 'trgas', 'mk', 'ctwav']",2,1,36,131609,1.261746883392334,0.013875007629394531,1.2756218910217285,11.4 MMac
377,"['rp', 'regas', 'trgas', 'regad', 'remk', 'trmk', 'ctwav']",4,3,23,2309720,17.330646514892578,0.050779104232788086,17.381425619125366,23.73 MMac
378,"['trrp', 'trgas', 'trgad', 'remk', 'ctwav']",2,3,48,532958,5.84716796875,0.026040077209472656,5.873208045959473,43.36 MMac
379,"['trrp', 'gas', 'regas', 'trgas', 'regad', 'ctwav']",3,1,60,1549427,5.862736701965332,0.02029895782470703,5.883035659790039,45.73 MMac
380,"['trrp', 'regas', 'gad', 'remk', 'trmk', 'ctwav']",2,2,56,518030,5.046939849853516,0.020893335342407227,5.067833185195923,42.54 MMac
381,"['trrp', 'regas', 'gad', 'trgad', 'mk', 'remk', 'trmk', 'ctwav']",2,1,56,317116,1.408076286315918,0.01591658592224121,1.4239928722381592,27.52 MMac
382,"['rerp', 'trrp', 'regas', 'gad', 'trgad', 'mk']",3,1,47,995894,4.025506973266602,0.020641565322875977,4.0461485385894775,30.08 MMac
383,"['rp', 'trrp', 'trgas', 'regad', 'remk', 'trmk', 'ctwav']",2,3,56,727176,6.1295270919799805,0.027558326721191406,6.157085418701172,59.65 MMac
384,"['rp', 'regas', 'trgas', 'trgad', 'mk', 'trmk', 'ctwav']",2,1,26,73367,1.5702486038208008,0.015024185180664062,1.5852727890014648,7.11 MMac
385,"['rerp', 'trrp', 'regas', 'gad', 'trgad', 'trmk']",3,1,48,995894,3.671717643737793,0.020460844039916992,3.69217848777771,30.08 MMac
386,"['trrp', 'trgas', 'trgad', 'mk', 'remk']",2,1,67,450961,1.1944890022277832,0.014219284057617188,1.2087082862854004,36.45 MMac
387,"['trrp', 'gas', 'trgas', 'gad', 'regad', 'mk', 'remk']",3,1,16,116174,2.337324619293213,0.02077341079711914,2.358098030090332,4.44 MMac
388,"['rerp', 'trrp', 'regas', 'regad', 'mk', 'trmk', 'ctwav']",2,1,58,336271,1.1137127876281738,0.015537500381469727,1.1292502880096436,28.57 MMac
389,"['rp', 'rerp', 'trrp', 'trgas', 'gad', 'mk', 'ctwav']",3,2,33,824824,6.478786468505859,0.030548810958862305,6.509335279464722,25.5 MMac
390,"['rerp', 'trrp', 'gad', 'regad', 'mk', 'trmk', 'ctwav']",2,2,59,595892,4.425048828125,0.021306276321411133,4.446355104446411,49.2 MMac
391,"['rerp', 'gas', 'regas', 'trgas', 'trgad', 'remk', 'ctwav']",2,2,12,28172,2.464139461517334,0.02111220359802246,2.4852516651153564,2.94 MMac
392,"['rerp', 'regas', 'regad', 'mk', 'trmk', 'ctwav']",4,1,26,1201091,9.286129474639893,0.02721405029296875,9.313343524932861,12.91 MMac
393,"['rp', 'rerp', 'gas', 'remk', 'trmk']",2,2,26,115896,2.5340676307678223,0.020357131958007812,2.55442476272583,10.08 MMac
394,"['rerp', 'regas', 'trgas', 'regad', 'mk']",2,2,58,551784,3.766012191772461,0.02055644989013672,3.7865686416625977,44.72 MMac
395,"['rp', 'regad', 'trgad', 'mk', 'remk', 'trmk']",2,1,51,270025,1.2981295585632324,0.014638662338256836,1.3127682209014893,22.83 MMac
396,"['rp', 'rerp', 'gas', 'trgas', 'gad', 'regad', 'remk', 'trmk']",3,2,53,2064340,9.401607513427734,0.03139019012451172,9.432997703552246,61.7 MMac
397,"['trrp', 'gas', 'gad', 'regad', 'trmk', 'ctwav']",2,2,57,554626,4.458856582641602,0.021334409713745117,4.480190992355347,45.44 MMac
398,"['rp', 'gas', 'trgas', 'mk', 'remk']",3,2,20,288432,3.720974922180176,0.028336524963378906,3.7493114471435547,9.18 MMac
399,"['rerp', 'trrp', 'gas', 'regas', 'regad', 'trgad', 'mk', 'trmk', 'ctwav']",2,1,93,868914,2.467060089111328,0.019713878631591797,2.48677396774292,71.86 MMac
400,"['rerp', 'regas', 'gad', 'regad', 'mk', 'trmk']",2,2,57,554626,4.148364067077637,0.021206378936767578,4.169570446014404,45.44 MMac
401,"['rp', 'rerp', 'trrp', 'gad', 'trgad']",3,1,48,993542,4.017090797424316,0.019887447357177734,4.036978244781494,29.47 MMac
402,"['rerp', 'trrp', 'regas', 'trgad']",3,1,48,991190,4.1077375411987305,0.01958155632019043,4.127319097518921,28.87 MMac
403,"['trrp', 'regas', 'gad', 'remk', 'ctwav']",2,2,54,479602,2.2847652435302734,0.020226240158081055,2.3049914836883545,39.05 MMac
404,"['rp', 'regas', 'gad', 'regad', 'mk']",2,2,57,551784,4.320645332336426,0.020365238189697266,4.341010570526123,44.72 MMac
405,"['rp', 'rerp', 'regas', 'gad', 'regad', 'mk', 'trmk']",2,2,56,520774,4.600095748901367,0.021162033081054688,4.621257781982422,43.24 MMac
406,"['rp', 'rerp', 'regas', 'gad', 'regad']",2,2,56,515286,4.098796844482422,0.020012617111206055,4.118809461593628,41.83 MMac
407,"['rerp', 'gas', 'regas', 'gad', 'regad', 'trmk']",2,2,56,518030,4.19917106628418,0.020722150802612305,4.219893217086792,42.54 MMac
408,"['rp', 'gas', 'regas', 'trgad', 'mk', 'remk', 'trmk', 'ctwav']",2,2,15,48458,2.514469623565674,0.021880149841308594,2.5363497734069824,4.89 MMac
409,"['trrp', 'regas', 'trgas', 'gad', 'mk']",3,1,48,993542,3.983426094055176,0.019894838333129883,4.003320932388306,29.47 MMac
410,"['rerp', 'trgas', 'gad', 'regad', 'mk', 'remk', 'trmk']",3,3,47,2266478,13.833189010620117,0.03934049606323242,13.87252950668335,66.86 MMac
411,"['rerp', 'regas', 'gad', 'regad', 'trgad', 'mk']",2,2,57,554626,4.589104652404785,0.021754026412963867,4.610858678817749,45.44 MMac
412,"['rp', 'trrp', 'trgas', 'gad']",2,1,19,42377,1.5929460525512695,0.013394355773925781,1.6063404083251953,3.89 MMac
413,"['rerp', 'trrp', 'gas', 'trgas', 'regad', 'trmk']",3,1,50,1079589,4.065990447998047,0.020821094512939453,4.086811542510986,32.46 MMac
414,"['gas', 'regas', 'trgas', 'gad', 'regad', 'remk', 'ctwav']",2,1,17,37401,1.5636920928955078,0.01515340805053711,1.578845500946045,3.93 MMac
415,"['rerp', 'regas', 'gad', 'trgad', 'trmk']",3,1,48,993542,4.029035568237305,0.019948959350585938,4.048984527587891,29.47 MMac
416,"['rerp', 'trrp', 'gas', 'regas', 'gad', 'regad', 'mk', 'trmk']",3,1,48,1000598,3.627133369445801,0.02222275733947754,3.6493561267852783,31.28 MMac
417,"['rerp', 'trrp', 'trgad', 'mk', 'ctwav']",2,3,38,336956,3.4273505210876465,0.026410818099975586,3.453761339187622,27.83 MMac
418,"['rp', 'trrp', 'gas', 'regas', 'trgas', 'trgad', 'remk']",4,2,22,1402930,12.779438495635986,0.03928256034851074,12.818721055984497,14.98 MMac
419,"['rp', 'rerp', 'regas', 'regad', 'mk', 'remk']",2,3,69,1123658,5.180072784423828,0.02738785743713379,5.207460641860962,90.45 MMac
420,"['rp', 'gas', 'trgad', 'remk', 'trmk', 'ctwav']",2,3,38,338818,3.5297632217407227,0.02674269676208496,3.5565059185028076,28.3 MMac
421,"['rp', 'regas', 'trgas', 'remk', 'trmk', 'ctwav']",2,2,28,135144,2.2673487663269043,0.02061629295349121,2.2879650592803955,11.88 MMac
422,"['rp', 'trrp', 'regas', 'trgad', 'ctwav']",2,1,43,193591,1.586925983428955,0.013936758041381836,1.600862741470337,16.35 MMac
423,"['gas', 'gad', 'trgad', 'mk', 'remk', 'ctwav']",2,1,46,213108,1.1498332023620605,0.014969348907470703,1.1648025512695312,18.3 MMac
424,"['trrp', 'regas', 'trgas', 'gad', 'ctwav']",2,2,56,515286,3.834104537963867,0.02005791664123535,3.8541624546051025,41.83 MMac
425,"['rp', 'gas', 'regas', 'gad', 'mk', 'remk', 'trmk', 'ctwav']",2,3,72,1195364,4.593157768249512,0.027895450592041016,4.621053218841553,97.3 MMac
426,"['trrp', 'regas', 'trgas', 'trgad', 'mk', 'remk', 'ctwav']",2,1,58,336271,1.3342738151550293,0.01547551155090332,1.3497493267059326,28.57 MMac
427,"['rerp', 'trrp', 'regas', 'gad', 'regad', 'mk']",2,2,36,219260,2.075815200805664,0.02036595344543457,2.0961811542510986,18.72 MMac
428,"['rerp', 'regas', 'regad', 'mk']",2,2,57,548942,4.0543317794799805,0.01993846893310547,4.074270248413086,43.99 MMac
429,"['rp', 'trgad', 'remk']",2,2,44,317132,2.5168776512145996,0.0193021297454834,2.536179780960083,25.44 MMac
430,"['rp', 'gas', 'regas', 'trgas', 'gad', 'trgad', 'mk', 'trmk', 'ctwav']",2,3,94,2025818,7.662105560302734,0.03296804428100586,7.69507360458374,163.58 MMac
431,"['rp', 'gas', 'regas', 'regad', 'mk', 'remk', 'ctwav']",4,2,25,1955240,13.881254196166992,0.03933572769165039,13.920589923858643,20.42 MMac
432,"['trrp', 'gas', 'regas', 'regad', 'trmk', 'ctwav']",3,3,25,671977,8.347201347351074,0.03839373588562012,8.385595083236694,20.61 MMac
433,"['rerp', 'trgas', 'regad', 'mk', 'trmk']",3,1,63,1757874,4.995846748352051,0.020212888717651367,5.016059637069702,50.87 MMac
434,"['rp', 'rerp', 'gas', 'remk', 'trmk', 'ctwav']",2,2,23,100670,2.4927496910095215,0.02089238166809082,2.5136420726776123,9.03 MMac
435,"['rerp', 'gas', 'regad', 'trgad', 'mk']",3,1,60,1546487,5.637538433074951,0.020070552825927734,5.657608985900879,44.98 MMac
436,"['rerp', 'gas', 'regad', 'mk', 'remk']",3,1,62,1650364,6.173801422119141,0.02041912078857422,6.194220542907715,47.88 MMac
437,"['rerp', 'trrp', 'gad', 'mk', 'trmk']",3,2,47,1627658,9.079527854919434,0.029261112213134766,9.108788967132568,47.56 MMac
438,"['rp', 'rerp', 'gas', 'trgas', 'regad', 'mk', 'remk']",2,3,91,1933221,7.844102382659912,0.027262449264526367,7.8713648319244385,154.65 MMac
439,"['regas', 'trgas', 'trgad', 'mk', 'trmk']",2,2,64,669794,3.8620710372924805,0.02022528648376465,3.882296323776245,53.94 MMac
440,"['gas', 'trgas', 'trgad', 'remk', 'ctwav']",2,3,47,532958,6.076860427856445,0.026160001754760742,6.103020429611206,43.36 MMac
441,"['gas', 'gad', 'regad', 'trgad', 'mk', 'remk', 'ctwav']",2,2,63,676066,3.9287328720092773,0.021273374557495117,3.9500062465667725,55.55 MMac
442,"['trrp', 'gas', 'trgas', 'gad', 'trgad', 'mk', 'remk', 'ctwav']",2,2,48,388058,2.5133848190307617,0.022016525268554688,2.5354013442993164,33.06 MMac
443,"['trrp', 'regas', 'gad', 'remk']",2,2,56,512542,5.033159255981445,0.019800901412963867,5.052960157394409,41.13 MMac
444,"['rp', 'rerp', 'regas', 'regad', 'mk', 'remk']",2,2,69,802096,3.889179229736328,0.02145552635192871,3.910634756088257,64.91 MMac
445,"['trrp', 'gas', 'regad', 'mk', 'remk', 'ctwav']",3,3,48,2264126,13.52759599685669,0.03900337219238281,13.566599369049072,66.25 MMac
446,"['rp', 'regas', 'regad', 'trgad', 'mk', 'remk']",2,3,15,64262,3.274250030517578,0.026778459548950195,3.3010284900665283,5.9 MMac
447,"['trrp', 'gas', 'trgas', 'gad', 'trgad', 'remk', 'ctwav']",2,3,47,537662,4.857540130615234,0.027037620544433594,4.884577751159668,44.57 MMac
448,"['rp', 'trrp', 'gas', 'trgas', 'regad', 'trgad', 'mk', 'trmk', 'ctwav']",3,3,20,403687,3.8794875144958496,0.044806718826293945,3.9242942333221436,13.4 MMac
449,"['rerp', 'trrp', 'regas', 'gad', 'regad', 'mk', 'trmk']",2,2,57,557468,4.940199851989746,0.021388530731201172,4.961588382720947,46.17 MMac
450,"['rp', 'rerp', 'gad', 'regad', 'remk']",2,2,61,629022,4.4394731521606445,0.020766735076904297,4.460239887237549,50.77 MMac
451,"['rp', 'trgas', 'remk', 'trmk', 'ctwav']",2,2,28,133772,2.5302767753601074,0.020019054412841797,2.550295829772949,11.53 MMac
452,"['rerp', 'trrp', 'regas', 'gad', 'trgad', 'mk', 'remk']",3,1,48,998246,4.299211502075195,0.0216066837310791,4.320818185806274,30.68 MMac
453,"['trgas', 'gad', 'regad']",3,1,15,113038,2.231144905090332,0.01854419708251953,2.2496891021728516,3.64 MMac
454,"['regas', 'trgas', 'remk', 'trmk', 'ctwav']",2,2,28,133772,2.203857898712158,0.0200042724609375,2.2238621711730957,11.53 MMac
455,"['gas', 'regas', 'gad', 'trgad', 'trmk']",2,3,89,1841693,9.210383892059326,0.02690291404724121,9.237286806106567,145.95 MMac
456,"['rp', 'rerp', 'trrp', 'regas', 'trgad']",3,1,33,502343,4.184865951538086,0.019961833953857422,4.204827785491943,15.5 MMac
457,"['trrp', 'regas', 'trgas', 'gad', 'mk']",3,1,28,342687,1.8557310104370117,0.019507646560668945,1.8752386569976807,10.87 MMac
458,"['regas', 'trgas', 'trgad', 'remk']",3,1,15,113822,1.8858790397644043,0.018943071365356445,1.9048221111297607,3.84 MMac
459,"['rp', 'rerp', 'trrp', 'gas', 'trgas', 'regad', 'remk']",2,2,94,1438154,6.698012351989746,0.021873950958251953,6.719886302947998,115.36 MMac
460,"['trrp', 'regas', 'trgad', 'mk', 'remk', 'ctwav']",3,3,42,1736669,15.447235107421875,0.03909468650817871,15.486329793930054,51.24 MMac
461,"['regad', 'remk', 'trmk', 'ctwav']",2,1,85,709910,2.9114484786987305,0.014047384262084961,2.9254958629608154,55.63 MMac
462,"['trrp', 'gas', 'regas', 'trgas', 'trgad', 'mk', 'remk', 'ctwav']",2,1,57,339113,1.5919089317321777,0.016485214233398438,1.6083941459655762,29.3 MMac
463,"['rp', 'rerp', 'regas', 'gad', 'regad', 'mk']",2,2,56,518030,5.484604835510254,0.021139860153198242,5.505744695663452,42.54 MMac
464,"['rerp', 'trrp', 'regas', 'gad', 'trgad', 'trmk']",2,1,46,213108,1.5912294387817383,0.015921831130981445,1.6071512699127197,18.3 MMac
465,"['rp', 'rerp', 'gas', 'trmk', 'ctwav']",2,2,24,99494,2.5644779205322266,0.01991868019104004,2.5843966007232666,8.73 MMac
466,"['rerp', 'gas', 'trgas', 'gad', 'trgad', 'remk', 'trmk']",2,3,90,1850513,10.46673059463501,0.027713537216186523,10.494444131851196,148.21 MMac
467,"['rp', 'rerp', 'gas', 'trgas', 'regad', 'remk', 'trmk', 'ctwav']",2,3,26,164795,3.0857086181640625,0.01956772804260254,3.105276346206665,14.68 MMac
468,"['trrp', 'gas', 'trgas', 'trgad', 'mk', 'remk', 'ctwav']",2,2,48,385706,2.0671486854553223,0.01528310775756836,2.0824317932128906,32.46 MMac
469,"['rerp', 'trrp', 'gas', 'regas', 'trgas', 'gad', 'mk', 'ctwav']",2,2,95,1504178,7.461047172546387,0.02240300178527832,7.483450174331665,121.32 MMac
470,"['rerp', 'trrp', 'gas', 'gad', 'trgad', 'trmk']",4,1,35,2294201,9.3375563621521,0.02649068832397461,9.364047050476074,23.58 MMac
471,"['trrp', 'gas', 'gad', 'trgad', 'mk', 'remk', 'ctwav']",2,3,52,628851,7.075810432434082,0.027697086334228516,7.1035075187683105,51.84 MMac
472,"['rerp', 'regas', 'gad', 'regad', 'mk', 'trmk']",2,3,57,775823,6.930947303771973,0.027623653411865234,6.958570957183838,63.04 MMac
473,"['trrp', 'regas', 'trgas', 'trgad', 'mk', 'remk', 'ctwav']",2,3,56,727176,6.205868721008301,0.027486801147460938,6.233355522155762,59.65 MMac
474,"['trrp', 'gas', 'trgas', 'gad', 'trgad', 'mk', 'remk', 'ctwav']",2,1,48,236102,1.2283682823181152,0.01641106605529785,1.244779348373413,20.96 MMac
475,"['rp', 'trrp', 'regas', 'trgad', 'mk', 'remk', 'ctwav']",3,3,42,1738727,13.413798809051514,0.04010295867919922,13.453901767730713,51.77 MMac
476,"['trrp', 'regas', 'regad', 'mk', 'trmk', 'ctwav']",2,2,58,554626,4.477453231811523,0.02175164222717285,4.499204874038696,45.44 MMac
477,"['rerp', 'regas', 'gad', 'regad']",2,2,56,512542,4.396843910217285,0.02015209197998047,4.416996002197266,41.13 MMac
478,"['trrp', 'gad', 'mk', 'remk', 'ctwav']",2,2,53,479602,2.2321343421936035,0.020862579345703125,2.2529969215393066,39.05 MMac
479,"['rp', 'trgas', 'gad', 'regad', 'trgad', 'mk', 'remk', 'ctwav']",3,3,25,674525,8.973288536071777,0.040123939514160156,9.013412475585938,21.27 MMac
480,"['trrp', 'regas', 'gad', 'mk', 'remk']",2,2,53,479602,2.1442770957946777,0.020733356475830078,2.165010452270508,39.05 MMac
481,"['rp', 'rerp', 'trrp', 'gas', 'regas', 'trgas', 'remk', 'trmk', 'ctwav']",3,1,33,509007,3.9127349853515625,0.02623462677001953,3.938969612121582,17.2 MMac
482,"['rerp', 'regas', 'gad', 'regad', 'mk', 'remk']",2,3,70,1123658,5.5767059326171875,0.027997732162475586,5.604703664779663,90.45 MMac
483,"['rp', 'rerp', 'gas', 'trgas', 'mk', 'remk', 'trmk']",2,2,24,101846,1.894688606262207,0.02104640007019043,1.9157350063323975,9.33 MMac
484,"['rp', 'rerp', 'trrp', 'gas', 'regas', 'trgas']",2,2,32,174674,1.9640207290649414,0.02115178108215332,1.9851725101470947,15.11 MMac
485,"['trrp', 'gas', 'trgas', 'gad', 'trgad', 'remk', 'ctwav']",2,3,49,582063,5.584216117858887,0.028135299682617188,5.612351417541504,48.13 MMac
486,"['rerp', 'regas', 'regad', 'trgad', 'mk', 'remk', 'trmk', 'ctwav']",2,2,61,638136,4.004120826721191,0.02218937873840332,4.026310205459595,53.1 MMac
487,"['trrp', 'gas', 'trgas', 'gad', 'trgad', 'remk', 'ctwav']",2,2,48,385706,2.2052407264709473,0.021566390991210938,2.226807117462158,32.46 MMac
488,"['trrp', 'gad', 'trgad', 'remk', 'trmk']",2,1,68,450961,1.5818357467651367,0.014438390731811523,1.5962741374969482,36.45 MMac
489,"['rerp', 'regas', 'gad', 'regad', 'mk', 'ctwav']",2,2,56,518030,5.046987533569336,0.02114725112915039,5.068134784698486,42.54 MMac
490,"['rerp', 'gas', 'trgad', 'trmk']",3,2,34,819826,7.583379745483398,0.029166460037231445,7.61254620552063,24.22 MMac
491,"['trrp', 'gas', 'regas', 'regad', 'mk', 'trmk']",2,3,74,1253875,10.72397232055664,0.027539491653442383,10.751511812210083,100.68 MMac
492,"['trrp', 'trgas', 'regad', 'trgad', 'mk', 'remk']",2,2,59,592952,5.108165740966797,0.0208737850189209,5.129039525985718,48.45 MMac
493,"['rp', 'trrp', 'gas', 'trgas', 'trgad', 'remk', 'ctwav']",2,1,85,722552,3.27298641204834,0.0160977840423584,3.2890841960906982,58.87 MMac
494,"['trrp', 'gas', 'trgas', 'trgad', 'mk', 'remk', 'ctwav']",2,3,46,494466,3.299283981323242,0.02762889862060547,3.3269128799438477,41.13 MMac
495,"['trrp', 'regas', 'gad', 'mk', 'remk', 'ctwav']",2,3,51,626303,6.973910331726074,0.027035236358642578,7.000945568084717,51.18 MMac
496,"['trrp', 'gas', 'regas', 'trgas', 'gad', 'trgad', 'mk', 'remk']",3,2,42,1254814,11.232554912567139,0.03110051155090332,11.263655424118042,38.41 MMac
497,"['rerp', 'trrp', 'gas', 'trgas', 'trgad', 'mk', 'remk', 'trmk', 'ctwav']",2,3,35,310439,3.1596779823303223,0.03237748146057129,3.1920554637908936,26.94 MMac
498,"['rp', 'regas', 'trgas', 'remk', 'trmk', 'ctwav']",2,2,35,219260,1.9909381866455078,0.02062678337097168,2.0115649700164795,18.72 MMac
499,"['rp', 'trrp', 'regas', 'trgas', 'trmk', 'ctwav']",3,3,12,147425,3.764057159423828,0.026124238967895508,3.7901813983917236,5.03 MMac
500,"['rerp', 'trrp', 'trgad', 'mk', 'remk', 'trmk']",2,1,49,250239,1.1621952056884766,0.015002012252807617,1.1771972179412842,21.26 MMac
501,"['rp', 'rerp', 'trrp', 'regas', 'gad', 'regad', 'ctwav']",2,2,57,557468,4.514360427856445,0.021508216857910156,4.5358686447143555,46.17 MMac
502,"['rp', 'trrp', 'trgas', 'trgad', 'mk', 'remk', 'trmk']",2,2,59,595892,4.738163948059082,0.021525144577026367,4.759689092636108,49.2 MMac
503,"['rp', 'rerp', 'trrp', 'gas', 'regas', 'gad', 'trgad', 'trmk']",3,1,47,1000598,4.542803764343262,0.022021055221557617,4.564824819564819,31.28 MMac
504,"['regas', 'gad', 'mk']",2,3,51,618659,6.773710250854492,0.025809288024902344,6.7995195388793945,49.23 MMac
505,"['trrp', 'regas', 'gad', 'remk', 'ctwav']",2,2,55,515286,4.388737678527832,0.020871639251708984,4.409609317779541,41.83 MMac
506,"['trrp', 'regas', 'trgas', 'trgad', 'mk', 'remk']",2,1,57,333429,1.525425910949707,0.015067577362060547,1.5404934883117676,27.85 MMac
507,"['rerp', 'regas', 'regad', 'mk']",2,2,56,512542,4.874777793884277,0.01998615264892578,4.894763946533203,41.13 MMac
508,"['trrp', 'trgas', 'trgad', 'mk', 'remk']",2,2,58,551784,4.0229082107543945,0.02062201499938965,4.043530225753784,44.72 MMac
509,"['rp', 'rerp', 'trrp', 'regas', 'trgas', 'trgad', 'trmk']",2,2,50,417376,2.1382570266723633,0.021845579147338867,2.160102605819702,35.01 MMac
510,"['rp', 'regas', 'gad', 'regad', 'trgad', 'mk', 'remk']",2,3,25,163521,3.3924102783203125,0.027495861053466797,3.4199061393737793,14.36 MMac
511,"['trrp', 'trgas', 'gad', 'trgad', 'mk', 'remk', 'ctwav']",2,2,48,385706,2.1943092346191406,0.021409034729003906,2.2157182693481445,32.46 MMac
512,"['rp', 'trrp', 'gas', 'trgas', 'trgad', 'remk', 'trmk']",2,3,47,537662,6.209778785705566,0.02766585350036621,6.237444639205933,44.57 MMac
513,"['rp', 'regas', 'trgas', 'remk', 'trmk', 'ctwav']",3,2,26,484706,3.1136512756347656,0.029337167739868164,3.142988443374634,15.22 MMac
514,"['rp', 'rerp', 'gas', 'regas', 'regad', 'mk', 'remk']",2,3,69,1127088,6.171751022338867,0.0277712345123291,6.199522256851196,91.33 MMac
515,"['rp', 'regas', 'trgas', 'trgad', 'mk', 'remk']",3,2,18,235342,3.7810444831848145,0.02964639663696289,3.8106908798217773,7.8 MMac
516,"['rp', 'rerp', 'trrp', 'gas', 'regas', 'trgas', 'gad', 'regad', 'remk']",2,3,87,1779296,8.249008655548096,0.03425097465515137,8.283259630203247,144.11 MMac
517,"['trrp', 'regas', 'trgad', 'mk', 'ctwav']",4,3,16,1030982,13.176679611206055,0.05013155937194824,13.226811170578003,10.75 MMac
518,"['rp', 'gas', 'regad', 'mk']",4,3,21,1939504,18.414223194122314,0.04961967468261719,18.46384286880493,19.32 MMac
519,"['trrp', 'gas', 'trgas', 'gad', 'trgad', 'mk', 'remk']",2,2,48,385706,1.9637703895568848,0.02173590660095215,1.985506296157837,32.46 MMac
520,"['rp', 'trrp', 'gas', 'trgas', 'gad', 'regad', 'trgad', 'mk']",3,2,42,1254814,8.727014064788818,0.030935287475585938,8.757949352264404,38.41 MMac
521,"['rp', 'rerp', 'gas', 'regas', 'mk', 'remk']",2,3,69,1123658,5.890202522277832,0.027527570724487305,5.917730093002319,90.45 MMac
522,"['rp', 'regas', 'trgas', 'mk', 'trmk', 'ctwav']",2,2,28,135144,2.4442672729492188,0.020628929138183594,2.4648962020874023,11.88 MMac
523,"['rp', 'rerp', 'gas', 'trgas', 'remk', 'ctwav']",3,3,29,891638,8.3113431930542,0.026346921920776367,8.337690114974976,26.99 MMac
524,"['rp', 'rerp', 'trrp', 'gas', 'trgas', 'gad', 'trgad', 'mk', 'trmk']",3,1,21,217686,1.8790364265441895,0.025437355041503906,1.9044737815856934,8.15 MMac
525,"['trrp', 'gas', 'trgas', 'trgad', 'mk', 'remk', 'ctwav']",2,3,48,537662,4.973649978637695,0.021938562393188477,4.995588541030884,44.57 MMac
526,"['trrp', 'trgas', 'mk', 'remk', 'ctwav']",2,3,56,721688,4.784131050109863,0.02650904655456543,4.810640096664429,58.25 MMac
527,"['rerp', 'gas', 'regas', 'gad', 'regad', 'mk', 'trmk']",2,2,57,557468,4.4296979904174805,0.022032499313354492,4.451730489730835,46.17 MMac
528,"['rerp', 'trrp', 'gas', 'regas', 'gad', 'trgad']",3,1,48,995894,3.9177656173706055,0.020707368850708008,3.9384729862213135,30.08 MMac
529,"['rp', 'rerp', 'trrp', 'gas', 'gad', 'trmk', 'ctwav']",3,1,55,1354124,6.198298931121826,0.02140974998474121,6.219708681106567,40.85 MMac
530,"['rp', 'rerp', 'regas', 'trgas', 'remk', 'trmk', 'ctwav']",2,2,30,155626,2.524280548095703,0.022003889083862305,2.5462844371795654,13.82 MMac
531,"['rerp', 'regas', 'gad', 'regad', 'mk']",2,2,57,551784,3.957390785217285,0.02051830291748047,3.9779090881347656,44.72 MMac
532,"['rerp', 'trrp', 'gas', 'regas', 'trgas', 'gad', 'trgad']",3,1,48,998246,3.3574581146240234,0.0209047794342041,3.3783628940582275,30.68 MMac
533,"['trrp', 'regas', 'trgad', 'mk', 'remk', 'ctwav']",3,3,43,1904905,10.498201847076416,0.038617610931396484,10.536819458007812,56.03 MMac
534,"['trrp', 'gas', 'trgas', 'trgad', 'mk', 'remk']",2,3,47,535310,5.825448036193848,0.02706623077392578,5.852514266967773,43.96 MMac
535,"['trrp', 'gas', 'trgas', 'gad', 'mk', 'remk', 'ctwav']",2,2,48,385706,2.4266719818115234,0.021781444549560547,2.448453426361084,32.46 MMac
536,"['rerp', 'trrp', 'gad', 'regad', 'mk']",2,2,56,515286,4.411721229553223,0.021361589431762695,4.433082818984985,41.83 MMac
537,"['rp', 'gas', 'regas', 'gad', 'regad', 'remk', 'ctwav']",2,3,69,1127088,5.63197135925293,0.028688907623291016,5.660660266876221,91.33 MMac
538,"['rp', 'rerp', 'gas', 'regas', 'regad']",2,3,69,1120228,4.935979843139648,0.026971101760864258,4.962950944900513,89.57 MMac
539,"['rp', 'trrp', 'gas', 'trgas', 'regad', 'trgad', 'mk', 'remk', 'trmk', 'ctwav']",2,2,37,250744,2.968108654022217,0.027899742126464844,2.9960083961486816,22.58 MMac
540,"['rp', 'rerp', 'gas', 'regas', 'trgas', 'regad', 'mk', 'ctwav']",2,1,95,900746,2.5722503662109375,0.015831470489501953,2.5880818367004395,73.5 MMac
541,"['trrp', 'regas', 'remk', 'ctwav']",2,2,56,512542,4.035592079162598,0.020006895065307617,4.055598974227905,41.13 MMac
542,"['rp', 'gas', 'regas', 'trgas', 'trgad', 'mk', 'trmk']",4,1,27,1393079,7.645833492279053,0.02707648277282715,7.67290997505188,15.14 MMac
543,"['rp', 'rerp', 'trrp', 'gas', 'trgas', 'gad', 'trgad']",3,2,19,290392,2.79388427734375,0.029848098754882812,2.823732376098633,9.68 MMac
544,"['trgas', 'gad', 'mk', 'trmk', 'ctwav']",3,2,12,106244,2.7782559394836426,0.029036760330200195,2.8072926998138428,3.68 MMac
545,"['rerp', 'trrp', 'regas', 'trgas', 'gad', 'trgad']",3,1,48,995894,3.775453567504883,0.02088308334350586,3.7963366508483887,30.08 MMac
546,"['gas', 'regad', 'ctwav']",4,1,23,1021076,4.768800735473633,0.025159597396850586,4.793960332870483,10.26 MMac
547,"['rp', 'trrp', 'regad', 'trgad', 'mk', 'remk', 'ctwav']",3,1,29,395424,1.8839120864868164,0.020994186401367188,1.9049062728881836,13.07 MMac
548,"['rp', 'rerp', 'trrp', 'gas', 'gad', 'trgad', 'mk', 'ctwav']",2,2,22,87396,1.879894733428955,0.02236032485961914,1.9022550582885742,8.3 MMac
549,"['rp', 'gas', 'gad']",4,3,24,2305016,15.855967998504639,0.04983806610107422,15.905806064605713,22.52 MMac
550,"['trrp', 'gas', 'trgas', 'trgad', 'remk', 'ctwav']",2,3,47,535310,5.511569976806641,0.027126789093017578,5.538696765899658,43.96 MMac
